10,50,1
10,51,1
10,52,2
10,53,2
10,54,2
10,55,2
10,56,2
10,57,2
10,58,2
10,59,2
10,60,2
10,61,2
10,62,2
10,63,2
10,64,2
10,65,2
10,66,2
10,67,2
10,68,1
10,69,1
10,70,1
10,71,1
11,50,1
11,51,1
11,52,2
11,53,2
11,54,2
11,55,2
11,56,2
11,57,2
11,58,2
11,59,2
11,60,2
11,61,2
11,62,2
11,63,2
11,64,2
11,65,2
11,66,2
11,67,2
11,68,1
11,69,1
11,70,1
11,71,1
12,50,3
12,51,3
12,52,5
12,53,5
12,54,5
12,55,5
12,56,5
12,57,5
12,58,5
12,59,5
12,60,5
12,61,5
12,62,5
12,63,5
12,64,5
12,65,5
12,66,5
12,67,5
12,68,3
12,69,3
12,70,2
12,71,2
13,50,3
13,51,3
13,52,5
13,53,5
13,54,5
13,55,5
13,56,5
13,57,5
13,58,5
13,59,5
13,60,5
13,61,5
13,62,5
13,63,5
13,64,5
13,65,5
13,66,5
13,67,5
13,68,3
13,69,3
13,70,2
13,71,2
14,50,3
14,51,3
14,52,5
14,53,5
14,54,5
14,55,5
14,56,5
14,57,5
14,58,5
14,59,5
14,60,5
14,61,5
14,62,5
14,63,5
14,64,5
14,65,5
14,66,5
14,67,5
14,68,3
14,69,3
14,70,2
14,71,2
15,50,3
15,51,3
15,52,5
15,53,5
15,54,5
15,55,5
15,56,5
15,57,5
15,58,5
15,59,5
15,60,5
15,61,5
15,62,5
15,63,5
15,64,5
15,65,5
15,66,5
15,67,5
15,68,3
15,69,3
15,70,2
15,71,2
16,50,3
16,51,3
16,52,5
16,53,5
16,54,5
16,55,5
16,56,5
16,57,5
16,58,5
16,59,5
16,60,5
16,61,5
16,62,5
16,63,5
16,64,5
16,65,5
16,66,5
16,67,5
16,68,3
16,69,3
16,70,2
16,71,2
17,50,3
17,51,3
17,52,5
17,53,5
17,54,5
17,55,5
17,56,5
17,57,5
17,58,5
17,59,5
17,60,5
17,61,5
17,62,5
17,63,5
17,64,5
17,65,5
17,66,5
17,67,5
17,68,3
17,69,3
17,70,2
17,71,2
18,50,3
18,51,3
18,52,5
18,53,5
18,54,5
18,55,5
18,56,5
18,57,5
18,58,5
18,59,5
18,60,5
18,61,5
18,62,5
18,63,5
18,64,5
18,65,5
18,66,5
18,67,5
18,68,3
18,69,3
18,70,2
18,71,2
19,50,3
19,51,3
19,52,5
19,53,5
19,54,5
19,55,5
19,56,5
19,57,5
19,58,5
19,59,5
19,60,5
19,61,5
19,62,5
19,63,5
19,64,5
19,65,5
19,66,5
19,67,5
19,68,3
19,69,3
19,70,2
19,71,2
20,50,3
20,51,3
20,52,5
20,53,5
20,54,5
20,55,5
20,56,5
20,57,5
20,58,5
20,59,5
20,60,5
20,61,5
20,62,5
20,63,5
20,64,5
20,65,5
20,66,5
20,67,5
20,68,3
20,69,3
20,70,2
20,71,2
21,50,3
21,51,3
21,52,5
21,53,5
21,54,5
21,55,5
21,56,5
21,57,5
21,58,5
21,59,5
21,60,5
21,61,5
21,62,5
21,63,5
21,64,5
21,65,5
21,66,5
21,67,5
21,68,3
21,69,3
21,70,2
21,71,2
22,50,3
22,51,3
22,52,5
22,53,5
22,54,5
22,55,5
22,56,5
22,57,5
22,58,5
22,59,5
22,60,5
22,61,5
22,62,5
22,63,5
22,64,5
22,65,5
22,66,5
22,67,5
22,68,3
22,69,3
22,70,2
22,71,2
23,50,3
23,51,3
23,52,5
23,53,5
23,54,5
23,55,5
23,56,5
23,57,5
23,58,5
23,59,5
23,60,5
23,61,5
23,62,5
23,63,5
23,64,5
23,65,5
23,66,5
23,67,5
23,68,3
23,69,3
23,70,2
23,71,2
24,50,3
24,51,3
24,52,5
24,53,5
24,54,5
24,55,5
24,56,5
24,57,5
24,58,5
24,59,5
24,60,5
24,61,5
24,62,5
24,63,5
24,64,5
24,65,5
24,66,5
24,67,5
24,68,3
24,69,3
24,70,2
24,71,2
25,50,3
25,51,3
25,52,5
25,53,5
25,54,5
25,55,5
25,56,5
25,57,5
25,58,5
25,59,5
25,60,5
25,61,5
25,62,5
25,63,5
25,64,5
25,65,5
25,66,5
25,67,5
25,68,3
25,69,3
25,70,2
25,71,2
26,50,2
26,51,2
26,52,4
26,53,4
26,54,4
26,55,4
26,56,4
26,57,4
26,58,4
26,59,4
26,60,4
26,61,4
26,62,4
26,63,4
26,64,4
26,65,4
26,66,4
26,67,4
26,68,3
26,69,3
26,70,2
26,71,2
27,50,2
27,51,2
27,52,4
27,53,4
27,54,4
27,55,4
27,56,4
27,57,4
27,58,4
27,59,4
27,60,4
27,61,4
27,62,4
27,63,4
27,64,4
27,65,4
27,66,4
27,67,4
27,68,3
27,69,3
27,70,2
27,71,2
28,50,2
28,51,2
28,52,4
28,53,4
28,54,4
28,55,4
28,56,4
28,57,4
28,58,4
28,59,4
28,60,4
28,61,4
28,62,4
28,63,4
28,64,4
28,65,4
28,66,4
28,67,4
28,68,3
28,69,3
28,70,2
28,71,2
29,50,2
29,51,2
29,52,4
29,53,4
29,54,4
29,55,4
29,56,4
29,57,4
29,58,4
29,59,4
29,60,4
29,61,4
29,62,4
29,63,4
29,64,4
29,65,4
29,66,4
29,67,4
29,68,3
29,69,3
29,70,2
29,71,2
30,50,1
30,51,1
30,52,2
30,53,2
30,54,2
30,55,2
30,56,2
30,57,2
30,58,2
30,59,2
30,60,2
30,61,2
30,62,2
30,63,2
30,64,2
30,65,2
30,66,2
30,67,2
30,68,1
30,69,1
30,70,1
30,71,1
31,50,1
31,51,1
31,52,2
31,53,2
31,54,2
31,55,2
31,56,2
31,57,2
31,58,2
31,59,2
31,60,2
31,61,2
31,62,2
31,63,2
31,64,2
31,65,2
31,66,2
31,67,2
31,68,1
31,69,1
31,70,1
31,71,1
50,52,3
50,53,3
50,54,3
50,55,3
50,56,3
50,57,3
50,58,3
50,59,3
50,60,3
50,61,3
50,62,3
50,63,3
50,64,3
50,65,3
50,66,3
50,67,3
50,68,3
50,69,3
50,70,3
50,71,3
50,72,3
50,73,3
50,74,3
50,75,3
50,76,3
50,77,3
50,78,3
50,79,3
50,80,3
50,81,3
51,52,3
51,53,3
51,54,3
51,55,3
51,56,3
51,57,3
51,58,3
51,59,3
51,60,3
51,61,3
51,62,3
51,63,3
51,64,3
51,65,3
51,66,3
51,67,3
51,68,3
51,69,3
51,70,3
51,71,3
51,72,3
51,73,3
51,74,3
51,75,3
51,76,3
51,77,3
51,78,3
51,79,3
51,80,3
51,81,3
52,50,2
52,51,2
52,52,5
52,53,5
52,54,5
52,55,5
52,56,5
52,57,5
52,58,5
52,59,5
52,60,5
52,61,5
52,62,5
52,63,5
52,64,5
52,65,5
52,66,5
52,67,5
52,68,5
52,69,5
52,70,3
52,71,3
52,72,3
52,73,3
52,74,3
52,75,3
52,76,3
52,77,3
52,78,3
52,79,3
52,80,3
52,81,3
53,50,2
53,51,2
53,52,5
53,53,5
53,54,5
53,55,5
53,56,5
53,57,5
53,58,5
53,59,5
53,60,5
53,61,5
53,62,5
53,63,5
53,64,5
53,65,5
53,66,5
53,67,5
53,68,5
53,69,5
53,70,3
53,71,3
53,72,3
53,73,3
53,74,3
53,75,3
53,76,3
53,77,3
53,78,3
53,79,3
53,80,3
53,81,3
54,50,2
54,51,2
54,52,5
54,53,5
54,54,5
54,55,5
54,56,5
54,57,5
54,58,5
54,59,5
54,60,5
54,61,5
54,62,5
54,63,5
54,64,5
54,65,5
54,66,5
54,67,5
54,68,5
54,69,5
54,70,3
54,71,3
54,72,3
54,73,3
54,74,3
54,75,3
54,76,3
54,77,3
54,78,3
54,79,3
54,80,3
54,81,3
55,50,2
55,51,2
55,52,5
55,53,5
55,54,5
55,55,5
55,56,5
55,57,5
55,58,5
55,59,5
55,60,5
55,61,5
55,62,5
55,63,5
55,64,5
55,65,5
55,66,5
55,67,5
55,68,5
55,69,5
55,70,3
55,71,3
55,72,3
55,73,3
55,74,3
55,75,3
55,76,3
55,77,3
55,78,3
55,79,3
55,80,3
55,81,3
56,50,2
56,51,2
56,52,5
56,53,5
56,54,5
56,55,5
56,56,5
56,57,5
56,58,5
56,59,5
56,60,5
56,61,5
56,62,5
56,63,5
56,64,5
56,65,5
56,66,5
56,67,5
56,68,5
56,69,5
56,70,3
56,71,3
56,72,3
56,73,3
56,74,3
56,75,3
56,76,3
56,77,3
56,78,3
56,79,3
56,80,3
56,81,3
57,50,2
57,51,2
57,52,5
57,53,5
57,54,5
57,55,5
57,56,5
57,57,5
57,58,5
57,59,5
57,60,5
57,61,5
57,62,5
57,63,5
57,64,5
57,65,5
57,66,5
57,67,5
57,68,5
57,69,5
57,70,3
57,71,3
57,72,3
57,73,3
57,74,3
57,75,3
57,76,3
57,77,3
57,78,3
57,79,3
57,80,3
57,81,3
58,50,2
58,51,2
58,52,5
58,53,5
58,54,5
58,55,5
58,56,5
58,57,5
58,58,5
58,59,5
58,60,5
58,61,5
58,62,5
58,63,5
58,64,5
58,65,5
58,66,5
58,67,5
58,68,5
58,69,5
58,70,3
58,71,3
58,72,3
58,73,3
58,74,3
58,75,3
58,76,3
58,77,3
58,78,3
58,79,3
58,80,3
58,81,3
59,50,2
59,51,2
59,52,5
59,53,5
59,54,5
59,55,5
59,56,5
59,57,5
59,58,5
59,59,5
59,60,5
59,61,5
59,62,5
59,63,5
59,64,5
59,65,5
59,66,5
59,67,5
59,68,5
59,69,5
59,70,3
59,71,3
59,72,3
59,73,3
59,74,3
59,75,3
59,76,3
59,77,3
59,78,3
59,79,3
59,80,3
59,81,3
60,50,2
60,51,2
60,52,5
60,53,5
60,54,5
60,55,5
60,56,5
60,57,5
60,58,5
60,59,5
60,60,5
60,61,5
60,62,5
60,63,5
60,64,5
60,65,5
60,66,5
60,67,5
60,68,5
60,69,5
60,70,3
60,71,3
60,72,3
60,73,3
60,74,3
60,75,3
60,76,3
60,77,3
60,78,3
60,79,3
60,80,3
60,81,3
61,50,2
61,51,2
61,52,5
61,53,5
61,54,5
61,55,5
61,56,5
61,57,5
61,58,5
61,59,5
61,60,5
61,61,5
61,62,5
61,63,5
61,64,5
61,65,5
61,66,5
61,67,5
61,68,5
61,69,5
61,70,3
61,71,3
61,72,3
61,73,3
61,74,3
61,75,3
61,76,3
61,77,3
61,78,3
61,79,3
61,80,3
61,81,3
62,50,2
62,51,2
62,52,5
62,53,5
62,54,5
62,55,5
62,56,5
62,57,5
62,58,5
62,59,5
62,60,5
62,61,5
62,62,5
62,63,5
62,64,5
62,65,5
62,66,5
62,67,5
62,68,5
62,69,5
62,70,3
62,71,3
62,72,3
62,73,3
62,74,3
62,75,3
62,76,3
62,77,3
62,78,3
62,79,3
62,80,3
62,81,3
63,50,2
63,51,2
63,52,5
63,53,5
63,54,5
63,55,5
63,56,5
63,57,5
63,58,5
63,59,5
63,60,5
63,61,5
63,62,5
63,63,5
63,64,5
63,65,5
63,66,5
63,67,5
63,68,5
63,69,5
63,70,3
63,71,3
63,72,3
63,73,3
63,74,3
63,75,3
63,76,3
63,77,3
63,78,3
63,79,3
63,80,3
63,81,3
64,50,2
64,51,2
64,52,5
64,53,5
64,54,5
64,55,5
64,56,5
64,57,5
64,58,5
64,59,5
64,60,5
64,61,5
64,62,5
64,63,5
64,64,5
64,65,5
64,66,5
64,67,5
64,68,5
64,69,5
64,70,3
64,71,3
64,72,3
64,73,3
64,74,3
64,75,3
64,76,3
64,77,3
64,78,3
64,79,3
64,80,3
64,81,3
65,50,2
65,51,2
65,52,5
65,53,5
65,54,5
65,55,5
65,56,5
65,57,5
65,58,5
65,59,5
65,60,5
65,61,5
65,62,5
65,63,5
65,64,5
65,65,5
65,66,5
65,67,5
65,68,5
65,69,5
65,70,3
65,71,3
65,72,3
65,73,3
65,74,3
65,75,3
65,76,3
65,77,3
65,78,3
65,79,3
65,80,3
65,81,3
66,50,2
66,51,2
66,52,5
66,53,5
66,54,5
66,55,5
66,56,5
66,57,5
66,58,5
66,59,5
66,60,5
66,61,5
66,62,5
66,63,5
66,64,5
66,65,5
66,66,5
66,67,5
66,68,5
66,69,5
66,70,3
66,71,3
66,72,3
66,73,3
66,74,3
66,75,3
66,76,3
66,77,3
66,78,3
66,79,3
66,80,3
66,81,3
67,50,2
67,51,2
67,52,5
67,53,5
67,54,5
67,55,5
67,56,5
67,57,5
67,58,5
67,59,5
67,60,5
67,61,5
67,62,5
67,63,5
67,64,5
67,65,5
67,66,5
67,67,5
67,68,5
67,69,5
67,70,3
67,71,3
67,72,3
67,73,3
67,74,3
67,75,3
67,76,3
67,77,3
67,78,3
67,79,3
67,80,3
67,81,3
68,50,2
68,51,2
68,52,5
68,53,5
68,54,5
68,55,5
68,56,5
68,57,5
68,58,5
68,59,5
68,60,5
68,61,5
68,62,5
68,63,5
68,64,5
68,65,5
68,66,5
68,67,5
68,68,5
68,69,5
68,70,3
68,71,3
68,72,3
68,73,3
68,74,3
68,75,3
68,76,3
68,77,3
68,78,3
68,79,3
68,80,3
68,81,3
69,50,2
69,51,2
69,52,5
69,53,5
69,54,5
69,55,5
69,56,5
69,57,5
69,58,5
69,59,5
69,60,5
69,61,5
69,62,5
69,63,5
69,64,5
69,65,5
69,66,5
69,67,5
69,68,5
69,69,5
69,70,3
69,71,3
69,72,3
69,73,3
69,74,3
69,75,3
69,76,3
69,77,3
69,78,3
69,79,3
69,80,3
69,81,3
70,50,2
70,51,2
70,52,3
70,53,3
70,54,3
70,55,3
70,56,3
70,57,3
70,58,3
70,59,3
70,60,3
70,61,3
70,62,3
70,63,3
70,64,3
70,65,3
70,66,3
70,67,3
70,68,3
70,69,3
70,70,1
70,71,1
70,72,1
70,73,1
70,74,1
70,75,1
70,76,1
70,77,1
70,78,1
70,79,1
70,80,1
70,81,1
71,50,2
71,51,2
71,52,3
71,53,3
71,54,3
71,55,3
71,56,3
71,57,3
71,58,3
71,59,3
71,60,3
71,61,3
71,62,3
71,63,3
71,64,3
71,65,3
71,66,3
71,67,3
71,68,3
71,69,3
71,70,1
71,71,1
71,72,1
71,73,1
71,74,1
71,75,1
71,76,1
71,77,1
71,78,1
71,79,1
71,80,1
71,81,1
72,50,1
72,51,1
72,52,2
72,53,2
72,54,2
72,55,2
72,56,2
72,57,2
72,58,2
72,59,2
72,60,2
72,61,2
72,62,2
72,63,2
72,64,2
72,65,2
72,66,2
72,67,2
72,68,2
72,69,2
72,70,1
72,71,1
72,72,1
72,73,1
72,74,1
72,75,1
72,76,1
72,77,1
72,78,1
72,79,1
72,80,1
72,81,1
73,50,1
73,51,1
73,52,2
73,53,2
73,54,2
73,55,2
73,56,2
73,57,2
73,58,2
73,59,2
73,60,2
73,61,2
73,62,2
73,63,2
73,64,2
73,65,2
73,66,2
73,67,2
73,68,2
73,69,2
73,70,1
73,71,1
73,72,1
73,73,1
73,74,1
73,75,1
73,76,1
73,77,1
73,78,1
73,79,1
73,80,1
73,81,1
74,50,1
74,51,1
74,52,2
74,53,2
74,54,2
74,55,2
74,56,2
74,57,2
74,58,2
74,59,2
74,60,2
74,61,2
74,62,2
74,63,2
74,64,2
74,65,2
74,66,2
74,67,2
74,68,2
74,69,2
74,70,1
74,71,1
74,72,1
74,73,1
74,74,1
74,75,1
74,76,1
74,77,1
74,78,1
74,79,1
74,80,1
74,81,1
75,50,1
75,51,1
75,52,2
75,53,2
75,54,2
75,55,2
75,56,2
75,57,2
75,58,2
75,59,2
75,60,2
75,61,2
75,62,2
75,63,2
75,64,2
75,65,2
75,66,2
75,67,2
75,68,2
75,69,2
75,70,1
75,71,1
75,72,1
75,73,1
75,74,1
75,75,1
75,76,1
75,77,1
75,78,1
75,79,1
75,80,1
75,81,1
76,50,1
76,51,1
76,52,2
76,53,2
76,54,2
76,55,2
76,56,2
76,57,2
76,58,2
76,59,2
76,60,2
76,61,2
76,62,2
76,63,2
76,64,2
76,65,2
76,66,2
76,67,2
76,68,2
76,69,2
76,70,1
76,71,1
76,72,1
76,73,1
76,74,1
76,75,1
76,76,1
76,77,1
76,78,1
76,79,1
76,80,1
76,81,1
77,50,1
77,51,1
77,52,2
77,53,2
77,54,2
77,55,2
77,56,2
77,57,2
77,58,2
77,59,2
77,60,2
77,61,2
77,62,2
77,63,2
77,64,2
77,65,2
77,66,2
77,67,2
77,68,2
77,69,2
77,70,1
77,71,1
77,72,1
77,73,1
77,74,1
77,75,1
77,76,1
77,77,1
77,78,1
77,79,1
77,80,1
77,81,1
78,50,1
78,51,1
78,52,2
78,53,2
78,54,2
78,55,2
78,56,2
78,57,2
78,58,2
78,59,2
78,60,2
78,61,2
78,62,2
78,63,2
78,64,2
78,65,2
78,66,2
78,67,2
78,68,2
78,69,2
78,70,1
78,71,1
78,72,1
78,73,1
78,74,1
78,75,1
78,76,1
78,77,1
78,78,1
78,79,1
78,80,1
78,81,1
79,50,1
79,51,1
79,52,2
79,53,2
79,54,2
79,55,2
79,56,2
79,57,2
79,58,2
79,59,2
79,60,2
79,61,2
79,62,2
79,63,2
79,64,2
79,65,2
79,66,2
79,67,2
79,68,2
79,69,2
79,70,1
79,71,1
79,72,1
79,73,1
79,74,1
79,75,1
79,76,1
79,77,1
79,78,1
79,79,1
79,80,1
79,81,1
80,50,1
80,51,1
80,52,1
80,53,1
80,54,1
80,55,1
80,56,1
80,57,1
80,58,1
80,59,1
80,60,1
80,61,1
80,62,1
80,63,1
80,64,1
80,65,1
80,66,1
80,67,1
80,68,1
80,69,1
81,50,1
81,51,1
81,52,1
81,53,1
81,54,1
81,55,1
81,56,1
81,57,1
81,58,1
81,59,1
81,60,1
81,61,1
81,62,1
81,63,1
81,64,1
81,65,1
81,66,1
81,67,1
81,68,1
81,69,1
100,60,1
100,61,1
100,62,1
100,63,1
100,64,1
100,65,1
100,66,1
100,67,1
100,68,1
100,69,1
100,70,1
100,71,1
100,72,1
100,73,1
100,74,1
100,75,1
100,76,1
100,77,1
100,78,1
100,79,1
100,80,1
100,81,1
100,82,1
100,83,1
100,84,1
100,85,1
100,86,1
100,87,1
100,88,1
100,89,1
101,60,1
101,61,1
101,62,1
101,63,1
101,64,1
101,65,1
101,66,1
101,67,1
101,68,1
101,69,1
101,70,1
101,71,1
101,72,1
101,73,1
101,74,1
101,75,1
101,76,1
101,77,1
101,78,1
101,79,1
101,80,1
101,81,1
101,82,1
101,83,1
101,84,1
101,85,1
101,86,1
101,87,1
101,88,1
101,89,1
102,60,1
102,61,1
102,62,1
102,63,1
102,64,1
102,65,1
102,66,1
102,67,1
102,68,1
102,69,1
102,70,1
102,71,1
102,72,1
102,73,1
102,74,1
102,75,1
102,76,1
102,77,1
102,78,1
102,79,1
102,80,1
102,81,1
102,82,1
102,83,1
102,84,1
102,85,1
102,86,1
102,87,1
102,88,1
102,89,1
103,60,1
103,61,1
103,62,1
103,63,1
103,64,1
103,65,1
103,66,1
103,67,1
103,68,1
103,69,1
103,70,1
103,71,1
103,72,1
103,73,1
103,74,1
103,75,1
103,76,1
103,77,1
103,78,1
103,79,1
103,80,1
103,81,1
103,82,1
103,83,1
103,84,1
103,85,1
103,86,1
103,87,1
103,88,1
103,89,1
104,60,1
104,61,1
104,62,1
104,63,1
104,64,1
104,65,1
104,66,1
104,67,1
104,68,1
104,69,1
104,70,1
104,71,1
104,72,1
104,73,1
104,74,1
104,75,1
104,76,1
104,77,1
104,78,1
104,79,1
104,80,1
104,81,1
104,82,1
104,83,1
104,84,1
104,85,1
104,86,1
104,87,1
104,88,1
104,89,1
105,60,1
105,61,1
105,62,1
105,63,1
105,64,1
105,65,1
105,66,1
105,67,1
105,68,1
105,69,1
105,70,1
105,71,1
105,72,1
105,73,1
105,74,1
105,75,1
105,76,1
105,77,1
105,78,1
105,79,1
105,80,1
105,81,1
105,82,1
105,83,1
105,84,1
105,85,1
105,86,1
105,87,1
105,88,1
105,89,1
106,60,1
106,61,1
106,62,1
106,63,1
106,64,1
106,65,1
106,66,1
106,67,1
106,68,1
106,69,1
106,70,1
106,71,1
106,72,1
106,73,1
106,74,1
106,75,1
106,76,1
106,77,1
106,78,1
106,79,1
106,80,1
106,81,1
106,82,1
106,83,1
106,84,1
106,85,1
106,86,1
106,87,1
106,88,1
106,89,1
107,60,1
107,61,1
107,62,1
107,63,1
107,64,1
107,65,1
107,66,1
107,67,1
107,68,1
107,69,1
107,70,1
107,71,1
107,72,1
107,73,1
107,74,1
107,75,1
107,76,1
107,77,1
107,78,1
107,79,1
107,80,1
107,81,1
107,82,1
107,83,1
107,84,1
107,85,1
107,86,1
107,87,1
107,88,1
107,89,1
108,60,1
108,61,1
108,62,1
108,63,1
108,64,1
108,65,1
108,66,1
108,67,1
108,68,1
108,69,1
108,70,1
108,71,1
108,72,1
108,73,1
108,74,1
108,75,1
108,76,1
108,77,1
108,78,1
108,79,1
108,80,1
108,81,1
108,82,1
108,83,1
108,84,1
108,85,1
108,86,1
108,87,1
108,88,1
108,89,1
109,60,1
109,61,1
109,62,1
109,63,1
109,64,1
109,65,1
109,66,1
109,67,1
109,68,1
109,69,1
109,70,1
109,71,1
109,72,1
109,73,1
109,74,1
109,75,1
109,76,1
109,77,1
109,78,1
109,79,1
109,80,1
109,81,1
109,82,1
109,83,1
109,84,1
109,85,1
109,86,1
109,87,1
109,88,1
109,89,1
110,60,1
110,61,1
110,62,1
110,63,1
110,64,1
110,65,1
110,66,1
110,67,1
110,68,1
110,69,1
110,70,1
110,71,1
110,72,1
110,73,1
110,74,1
110,75,1
110,76,1
110,77,1
110,78,1
110,79,1
110,80,1
110,81,1
110,82,1
110,83,1
110,84,1
110,85,1
110,86,1
110,87,1
110,88,1
110,89,1
111,60,1
111,61,1
111,62,1
111,63,1
111,64,1
111,65,1
111,66,1
111,67,1
111,68,1
111,69,1
111,70,1
111,71,1
111,72,1
111,73,1
111,74,1
111,75,1
111,76,1
111,77,1
111,78,1
111,79,1
111,80,1
111,81,1
111,82,1
111,83,1
111,84,1
111,85,1
111,86,1
111,87,1
111,88,1
111,89,1
112,60,1
112,61,1
112,62,1
112,63,1
112,64,1
112,65,1
112,66,1
112,67,1
112,68,1
112,69,1
112,70,1
112,71,1
112,72,1
112,73,1
112,74,1
112,75,1
112,76,1
112,77,1
112,78,1
112,79,1
112,80,1
112,81,1
112,82,1
112,83,1
112,84,1
112,85,1
112,86,1
112,87,1
112,88,1
112,89,1
113,60,1
113,61,1
113,62,1
113,63,1
113,64,1
113,65,1
113,66,1
113,67,1
113,68,1
113,69,1
113,70,1
113,71,1
113,72,1
113,73,1
113,74,1
113,75,1
113,76,1
113,77,1
113,78,1
113,79,1
113,80,1
113,81,1
113,82,1
113,83,1
113,84,1
113,85,1
113,86,1
113,87,1
113,88,1
113,89,1
114,60,1
114,61,1
114,62,1
114,63,1
114,64,1
114,65,1
114,66,1
114,67,1
114,68,1
114,69,1
114,70,1
114,71,1
114,72,1
114,73,1
114,74,1
114,75,1
114,76,1
114,77,1
114,78,1
114,79,1
114,80,1
114,81,1
114,82,1
114,83,1
114,84,1
114,85,1
114,86,1
114,87,1
114,88,1
114,89,1
115,60,1
115,61,1
115,62,1
115,63,1
115,64,1
115,65,1
115,66,1
115,67,1
115,68,1
115,69,1
115,70,1
115,71,1
115,72,1
115,73,1
115,74,1
115,75,1
115,76,1
115,77,1
115,78,1
115,79,1
115,80,1
115,81,1
115,82,1
115,83,1
115,84,1
115,85,1
115,86,1
115,87,1
115,88,1
115,89,1
116,60,1
116,61,1
116,62,1
116,63,1
116,64,1
116,65,1
116,66,1
116,67,1
116,68,1
116,69,1
116,70,1
116,71,1
116,72,1
116,73,1
116,74,1
116,75,1
116,76,1
116,77,1
116,78,1
116,79,1
116,80,1
116,81,1
116,82,1
116,83,1
116,84,1
116,85,1
116,86,1
116,87,1
116,88,1
116,89,1
117,60,1
117,61,1
117,62,1
117,63,1
117,64,1
117,65,1
117,66,1
117,67,1
117,68,1
117,69,1
117,70,1
117,71,1
117,72,1
117,73,1
117,74,1
117,75,1
117,76,1
117,77,1
117,78,1
117,79,1
117,80,1
117,81,1
117,82,1
117,83,1
117,84,1
117,85,1
117,86,1
117,87,1
117,88,1
117,89,1
118,60,1
118,61,1
118,62,1
118,63,1
118,64,1
118,65,1
118,66,1
118,67,1
118,68,1
118,69,1
118,70,1
118,71,1
118,72,1
118,73,1
118,74,1
118,75,1
118,76,1
118,77,1
118,78,1
118,79,1
118,80,1
118,81,1
118,82,1
118,83,1
118,84,1
118,85,1
118,86,1
118,87,1
118,88,1
118,89,1
119,60,1
119,61,1
119,62,1
119,63,1
119,64,1
119,65,1
119,66,1
119,67,1
119,68,1
119,69,1
119,70,1
119,71,1
119,72,1
119,73,1
119,74,1
119,75,1
119,76,1
119,77,1
119,78,1
119,79,1
119,80,1
119,81,1
119,82,1
119,83,1
119,84,1
119,85,1
119,86,1
119,87,1
119,88,1
119,89,1
120,62,2
120,63,2
120,64,2
120,65,2
120,66,2
120,67,2
120,68,2
120,69,2
120,70,2
120,71,2
120,72,1
120,73,1
120,74,1
120,75,1
120,76,1
120,77,1
120,78,1
120,79,1
120,80,1
120,81,1
120,82,1
120,83,1
120,84,1
120,85,1
120,86,1
120,87,1
120,88,1
120,89,1
120,90,1
120,91,1
121,62,2
121,63,2
121,64,2
121,65,2
121,66,2
121,67,2
121,68,2
121,69,2
121,70,2
121,71,2
121,72,1
121,73,1
121,74,1
121,75,1
121,76,1
121,77,1
121,78,1
121,79,1
121,80,1
121,81,1
121,82,1
121,83,1
121,84,1
121,85,1
121,86,1
121,87,1
121,88,1
121,89,1
121,90,1
121,91,1
122,62,2
122,63,2
122,64,2
122,65,2
122,66,2
122,67,2
122,68,2
122,69,2
122,70,2
122,71,2
122,72,1
122,73,1
122,74,1
122,75,1
122,76,1
122,77,1
122,78,1
122,79,1
122,80,1
122,81,1
122,82,1
122,83,1
122,84,1
122,85,1
122,86,1
122,87,1
122,88,1
122,89,1
122,90,1
122,91,1
123,62,2
123,63,2
123,64,2
123,65,2
123,66,2
123,67,2
123,68,2
123,69,2
123,70,2
123,71,2
123,72,1
123,73,1
123,74,1
123,75,1
123,76,1
123,77,1
123,78,1
123,79,1
123,80,1
123,81,1
123,82,1
123,83,1
123,84,1
123,85,1
123,86,1
123,87,1
123,88,1
123,89,1
123,90,1
123,91,1
123,554,2
123,555,2
123,556,2
123,557,2
123,558,2
123,559,2
123,560,2
123,561,2
123,562,2
123,563,2
123,564,2
123,565,2
123,566,2
123,567,2
123,568,2
123,569,2
123,570,2
123,571,2
123,572,2
123,573,2
123,574,2
123,575,2
123,576,2
123,577,2
123,578,2
123,579,2
123,580,2
123,581,2
123,582,2
123,583,2
123,584,2
123,585,2
124,62,2
124,63,2
124,64,2
124,65,2
124,66,2
124,67,2
124,68,2
124,69,2
124,70,2
124,71,2
124,72,1
124,73,1
124,74,1
124,75,1
124,76,1
124,77,1
124,78,1
124,79,1
124,80,1
124,81,1
124,82,1
124,83,1
124,84,1
124,85,1
124,86,1
124,87,1
124,88,1
124,89,1
124,90,1
124,91,1
124,554,2
124,555,2
124,556,2
124,557,2
124,558,2
124,559,2
124,560,2
124,561,2
124,562,2
124,563,2
124,564,2
124,565,2
124,566,2
124,567,2
124,568,2
124,569,2
124,570,2
124,571,2
124,572,2
124,573,2
124,574,2
124,575,2
124,576,2
124,577,2
124,578,2
124,579,2
124,580,2
124,581,2
124,582,2
124,583,2
124,584,2
124,585,2
125,60,1
125,61,1
125,62,3
125,63,3
125,64,3
125,65,3
125,66,3
125,67,3
125,68,3
125,69,3
125,70,3
125,71,3
125,72,2
125,73,2
125,74,2
125,75,2
125,76,2
125,77,2
125,78,1
125,79,1
125,80,1
125,81,1
125,82,1
125,83,1
125,84,1
125,85,1
125,86,1
125,87,1
125,88,1
125,89,1
125,90,1
125,91,1
125,554,2
125,555,2
125,556,2
125,557,2
125,558,2
125,559,2
125,560,2
125,561,2
125,562,2
125,563,2
125,564,2
125,565,2
125,566,2
125,567,2
125,568,2
125,569,2
125,570,2
125,571,2
125,572,2
125,573,2
125,574,2
125,575,2
125,576,2
125,577,2
125,578,2
125,579,2
125,580,2
125,581,2
125,582,2
125,583,2
125,584,2
125,585,2
126,60,1
126,61,1
126,62,3
126,63,3
126,64,3
126,65,3
126,66,3
126,67,3
126,68,3
126,69,3
126,70,3
126,71,3
126,72,2
126,73,2
126,74,2
126,75,2
126,76,2
126,77,2
126,78,1
126,79,1
126,80,1
126,81,1
126,82,1
126,83,1
126,84,1
126,85,1
126,86,1
126,87,1
126,88,1
126,89,1
126,90,1
126,91,1
126,554,2
126,555,2
126,556,2
126,557,2
126,558,2
126,559,2
126,560,2
126,561,2
126,562,2
126,563,2
126,564,2
126,565,2
126,566,2
126,567,2
126,568,2
126,569,2
126,570,2
126,571,2
126,572,2
126,573,2
126,574,2
126,575,2
126,576,2
126,577,2
126,578,2
126,579,2
126,580,2
126,581,2
126,582,2
126,583,2
126,584,2
126,585,2
127,60,1
127,61,1
127,62,3
127,63,3
127,64,3
127,65,3
127,66,3
127,67,3
127,68,3
127,69,3
127,70,3
127,71,3
127,72,2
127,73,2
127,74,2
127,75,2
127,76,2
127,77,2
127,78,1
127,79,1
127,80,1
127,81,1
127,82,1
127,83,1
127,84,1
127,85,1
127,86,1
127,87,1
127,88,1
127,89,1
127,90,1
127,91,1
127,554,2
127,555,2
127,556,2
127,557,2
127,558,2
127,559,2
127,560,2
127,561,2
127,562,2
127,563,2
127,564,2
127,565,2
127,566,2
127,567,2
127,568,2
127,569,2
127,570,2
127,571,2
127,572,2
127,573,2
127,574,2
127,575,2
127,576,2
127,577,2
127,578,2
127,579,2
127,580,2
127,581,2
127,582,2
127,583,2
127,584,2
127,585,2
128,60,1
128,61,1
128,62,3
128,63,3
128,64,3
128,65,3
128,66,3
128,67,3
128,68,3
128,69,3
128,70,3
128,71,3
128,72,2
128,73,2
128,74,2
128,75,2
128,76,2
128,77,2
128,78,1
128,79,1
128,80,1
128,81,1
128,82,1
128,83,1
128,84,1
128,85,1
128,86,1
128,87,1
128,88,1
128,89,1
128,90,1
128,91,1
128,554,2
128,555,2
128,556,2
128,557,2
128,558,2
128,559,2
128,560,2
128,561,2
128,562,2
128,563,2
128,564,2
128,565,2
128,566,2
128,567,2
128,568,2
128,569,2
128,570,2
128,571,2
128,572,2
128,573,2
128,574,2
128,575,2
128,576,2
128,577,2
128,578,2
128,579,2
128,580,2
128,581,2
128,582,2
128,583,2
128,584,2
128,585,2
129,60,1
129,61,1
129,62,3
129,63,3
129,64,3
129,65,3
129,66,3
129,67,3
129,68,3
129,69,3
129,70,3
129,71,3
129,72,2
129,73,2
129,74,2
129,75,2
129,76,2
129,77,2
129,78,1
129,79,1
129,80,1
129,81,1
129,82,1
129,83,1
129,84,1
129,85,1
129,86,1
129,87,1
129,88,1
129,89,1
129,90,1
129,91,1
129,554,2
129,555,2
129,556,2
129,557,2
129,558,2
129,559,2
129,560,2
129,561,2
129,562,2
129,563,2
129,564,2
129,565,2
129,566,2
129,567,2
129,568,2
129,569,2
129,570,2
129,571,2
129,572,2
129,573,2
129,574,2
129,575,2
129,576,2
129,577,2
129,578,2
129,579,2
129,580,2
129,581,2
129,582,2
129,583,2
129,584,2
129,585,2
130,60,2
130,61,2
130,62,3
130,63,3
130,64,3
130,65,3
130,66,3
130,67,3
130,68,3
130,69,3
130,70,2
130,71,2
130,72,1
130,73,1
130,74,1
130,75,1
130,76,1
130,77,1
130,554,2
130,555,2
130,556,2
130,557,2
130,558,2
130,559,2
130,560,2
130,561,2
130,562,2
130,563,2
130,564,2
130,565,2
130,566,2
130,567,2
130,568,2
130,569,2
130,570,2
130,571,2
130,572,2
130,573,2
130,574,2
130,575,2
130,576,2
130,577,2
130,578,2
130,579,2
130,580,2
130,581,2
130,582,2
130,583,2
130,584,2
130,585,2
131,60,2
131,61,2
131,62,3
131,63,3
131,64,3
131,65,3
131,66,3
131,67,3
131,68,3
131,69,3
131,70,2
131,71,2
131,72,1
131,73,1
131,74,1
131,75,1
131,76,1
131,77,1
131,554,2
131,555,2
131,556,2
131,557,2
131,558,2
131,559,2
131,560,2
131,561,2
131,562,2
131,563,2
131,564,2
131,565,2
131,566,2
131,567,2
131,568,2
131,569,2
131,570,2
131,571,2
131,572,2
131,573,2
131,574,2
131,575,2
131,576,2
131,577,2
131,578,2
131,579,2
131,580,2
131,581,2
131,582,2
131,583,2
131,584,2
131,585,2
132,60,2
132,61,2
132,62,3
132,63,3
132,64,3
132,65,3
132,66,3
132,67,3
132,68,3
132,69,3
132,70,2
132,71,2
132,72,1
132,73,1
132,74,1
132,75,1
132,76,1
132,77,1
132,554,2
132,555,2
132,556,2
132,557,2
132,558,2
132,559,2
132,560,2
132,561,2
132,562,2
132,563,2
132,564,2
132,565,2
132,566,2
132,567,2
132,568,2
132,569,2
132,570,2
132,571,2
132,572,2
132,573,2
132,574,2
132,575,2
132,576,2
132,577,2
132,578,2
132,579,2
132,580,2
132,581,2
132,582,2
132,583,2
132,584,2
132,585,2
133,60,2
133,61,2
133,62,3
133,63,3
133,64,3
133,65,3
133,66,3
133,67,3
133,68,3
133,69,3
133,70,2
133,71,2
133,72,1
133,73,1
133,74,1
133,75,1
133,76,1
133,77,1
133,554,2
133,555,2
133,556,2
133,557,2
133,558,2
133,559,2
133,560,2
133,561,2
133,562,2
133,563,2
133,564,2
133,565,2
133,566,2
133,567,2
133,568,2
133,569,2
133,570,2
133,571,2
133,572,2
133,573,2
133,574,2
133,575,2
133,576,2
133,577,2
133,578,2
133,579,2
133,580,2
133,581,2
133,582,2
133,583,2
133,584,2
133,585,2
134,60,2
134,61,2
134,62,3
134,63,3
134,64,3
134,65,3
134,66,3
134,67,3
134,68,3
134,69,3
134,70,2
134,71,2
134,72,1
134,73,1
134,74,1
134,75,1
134,76,1
134,77,1
134,554,2
134,555,2
134,556,2
134,557,2
134,558,2
134,559,2
134,560,2
134,561,2
134,562,2
134,563,2
134,564,2
134,565,2
134,566,2
134,567,2
134,568,2
134,569,2
134,570,2
134,571,2
134,572,2
134,573,2
134,574,2
134,575,2
134,576,2
134,577,2
134,578,2
134,579,2
134,580,2
134,581,2
134,582,2
134,583,2
134,584,2
134,585,2
135,60,2
135,61,2
135,62,3
135,63,3
135,64,3
135,65,3
135,66,3
135,67,3
135,68,3
135,69,3
135,70,2
135,71,2
135,72,1
135,73,1
135,74,1
135,75,1
135,76,1
135,77,1
135,554,2
135,555,2
135,556,2
135,557,2
135,558,2
135,559,2
135,560,2
135,561,2
135,562,2
135,563,2
135,564,2
135,565,2
135,566,2
135,567,2
135,568,2
135,569,2
135,570,2
135,571,2
135,572,2
135,573,2
135,574,2
135,575,2
135,576,2
135,577,2
135,578,2
135,579,2
135,580,2
135,581,2
135,582,2
135,583,2
135,584,2
135,585,2
136,60,2
136,61,2
136,62,3
136,63,3
136,64,3
136,65,3
136,66,3
136,67,3
136,68,3
136,69,3
136,70,2
136,71,2
136,72,1
136,73,1
136,74,1
136,75,1
136,76,1
136,77,1
136,554,2
136,555,2
136,556,2
136,557,2
136,558,2
136,559,2
136,560,2
136,561,2
136,562,2
136,563,2
136,564,2
136,565,2
136,566,2
136,567,2
136,568,2
136,569,2
136,570,2
136,571,2
136,572,2
136,573,2
136,574,2
136,575,2
136,576,2
136,577,2
136,578,2
136,579,2
136,580,2
136,581,2
136,582,2
136,583,2
136,584,2
136,585,2
137,60,2
137,61,2
137,62,3
137,63,3
137,64,3
137,65,3
137,66,3
137,67,3
137,68,3
137,69,3
137,70,2
137,71,2
137,72,1
137,73,1
137,74,1
137,75,1
137,76,1
137,77,1
137,554,2
137,555,2
137,556,2
137,557,2
137,558,2
137,559,2
137,560,2
137,561,2
137,562,2
137,563,2
137,564,2
137,565,2
137,566,2
137,567,2
137,568,2
137,569,2
137,570,2
137,571,2
137,572,2
137,573,2
137,574,2
137,575,2
137,576,2
137,577,2
137,578,2
137,579,2
137,580,2
137,581,2
137,582,2
137,583,2
137,584,2
137,585,2
138,60,2
138,61,2
138,62,3
138,63,3
138,64,3
138,65,3
138,66,3
138,67,3
138,68,3
138,69,3
138,70,2
138,71,2
138,72,1
138,73,1
138,74,1
138,75,1
138,76,1
138,77,1
138,554,2
138,555,2
138,556,2
138,557,2
138,558,2
138,559,2
138,560,2
138,561,2
138,562,2
138,563,2
138,564,2
138,565,2
138,566,2
138,567,2
138,568,2
138,569,2
138,570,2
138,571,2
138,572,2
138,573,2
138,574,2
138,575,2
138,576,2
138,577,2
138,578,2
138,579,2
138,580,2
138,581,2
138,582,2
138,583,2
138,584,2
138,585,2
139,60,2
139,61,2
139,62,3
139,63,3
139,64,3
139,65,3
139,66,3
139,67,3
139,68,3
139,69,3
139,70,2
139,71,2
139,72,1
139,73,1
139,74,1
139,75,1
139,76,1
139,77,1
139,554,2
139,555,2
139,556,2
139,557,2
139,558,2
139,559,2
139,560,2
139,561,2
139,562,2
139,563,2
139,564,2
139,565,2
139,566,2
139,567,2
139,568,2
139,569,2
139,570,2
139,571,2
139,572,2
139,573,2
139,574,2
139,575,2
139,576,2
139,577,2
139,578,2
139,579,2
139,580,2
139,581,2
139,582,2
139,583,2
139,584,2
139,585,2
140,60,2
140,61,2
140,62,3
140,63,3
140,64,3
140,65,3
140,66,3
140,67,3
140,68,3
140,69,3
140,70,2
140,71,2
140,72,2
140,73,2
140,74,2
140,75,2
140,76,2
140,77,2
140,78,1
140,79,1
140,80,1
140,81,1
140,82,1
140,83,1
140,84,1
140,85,1
140,86,1
140,87,1
140,88,1
140,89,1
140,90,1
140,91,1
140,554,2
140,555,2
140,556,2
140,557,2
140,558,2
140,559,2
140,560,2
140,561,2
140,562,2
140,563,2
140,564,2
140,565,2
140,566,2
140,567,2
140,568,2
140,569,2
140,570,2
140,571,2
140,572,2
140,573,2
140,574,2
140,575,2
140,576,2
140,577,2
140,578,2
140,579,2
140,580,2
140,581,2
140,582,2
140,583,2
140,584,2
140,585,2
141,60,1
141,61,1
141,62,2
141,63,2
141,64,2
141,65,2
141,66,2
141,67,2
141,68,2
141,69,2
141,70,1
141,71,1
141,72,1
141,73,1
141,74,1
141,75,1
141,76,1
141,77,1
141,78,1
141,79,1
141,80,1
141,81,1
141,82,1
141,83,1
141,84,1
141,85,1
141,86,1
141,87,1
141,88,1
141,89,1
141,90,1
141,91,1
141,554,2
141,555,2
141,556,2
141,557,2
141,558,2
141,559,2
141,560,2
141,561,2
141,562,2
141,563,2
141,564,2
141,565,2
141,566,2
141,567,2
141,568,2
141,569,2
141,570,2
141,571,2
141,572,2
141,573,2
141,574,2
141,575,2
141,576,2
141,577,2
141,578,2
141,579,2
141,580,2
141,581,2
141,582,2
141,583,2
141,584,2
141,585,2
142,60,1
142,61,1
142,62,2
142,63,2
142,64,2
142,65,2
142,66,2
142,67,2
142,68,2
142,69,2
142,70,1
142,71,1
142,72,1
142,73,1
142,74,1
142,75,1
142,76,1
142,77,1
142,78,1
142,79,1
142,80,1
142,81,1
142,82,1
142,83,1
142,84,1
142,85,1
142,86,1
142,87,1
142,88,1
142,89,1
142,90,1
142,91,1
142,554,2
142,555,2
142,556,2
142,557,2
142,558,2
142,559,2
142,560,2
142,561,2
142,562,2
142,563,2
142,564,2
142,565,2
142,566,2
142,567,2
142,568,2
142,569,2
142,570,2
142,571,2
142,572,2
142,573,2
142,574,2
142,575,2
142,576,2
142,577,2
142,578,2
142,579,2
142,580,2
142,581,2
142,582,2
142,583,2
142,584,2
142,585,2
143,60,1
143,61,1
143,62,2
143,63,2
143,64,2
143,65,2
143,66,2
143,67,2
143,68,2
143,69,2
143,70,1
143,71,1
143,72,1
143,73,1
143,74,1
143,75,1
143,76,1
143,77,1
143,78,1
143,79,1
143,80,1
143,81,1
143,82,1
143,83,1
143,84,1
143,85,1
143,86,1
143,87,1
143,88,1
143,89,1
143,90,1
143,91,1
143,554,2
143,555,2
143,556,2
143,557,2
143,558,2
143,559,2
143,560,2
143,561,2
143,562,2
143,563,2
143,564,2
143,565,2
143,566,2
143,567,2
143,568,2
143,569,2
143,570,2
143,571,2
143,572,2
143,573,2
143,574,2
143,575,2
143,576,2
143,577,2
143,578,2
143,579,2
143,580,2
143,581,2
143,582,2
143,583,2
143,584,2
143,585,2
144,60,1
144,61,1
144,62,2
144,63,2
144,64,2
144,65,2
144,66,2
144,67,2
144,68,2
144,69,2
144,70,1
144,71,1
144,72,1
144,73,1
144,74,1
144,75,1
144,76,1
144,77,1
144,78,1
144,79,1
144,80,1
144,81,1
144,82,1
144,83,1
144,84,1
144,85,1
144,86,1
144,87,1
144,88,1
144,89,1
144,90,1
144,91,1
144,554,2
144,555,2
144,556,2
144,557,2
144,558,2
144,559,2
144,560,2
144,561,2
144,562,2
144,563,2
144,564,2
144,565,2
144,566,2
144,567,2
144,568,2
144,569,2
144,570,2
144,571,2
144,572,2
144,573,2
144,574,2
144,575,2
144,576,2
144,577,2
144,578,2
144,579,2
144,580,2
144,581,2
144,582,2
144,583,2
144,584,2
144,585,2
145,60,1
145,61,1
145,62,2
145,63,2
145,64,2
145,65,2
145,66,2
145,67,2
145,68,2
145,69,2
145,70,1
145,71,1
145,72,1
145,73,1
145,74,1
145,75,1
145,76,1
145,77,1
145,78,1
145,79,1
145,80,1
145,81,1
145,82,1
145,83,1
145,84,1
145,85,1
145,86,1
145,87,1
145,88,1
145,89,1
145,90,1
145,91,1
145,554,2
145,555,2
145,556,2
145,557,2
145,558,2
145,559,2
145,560,2
145,561,2
145,562,2
145,563,2
145,564,2
145,565,2
145,566,2
145,567,2
145,568,2
145,569,2
145,570,2
145,571,2
145,572,2
145,573,2
145,574,2
145,575,2
145,576,2
145,577,2
145,578,2
145,579,2
145,580,2
145,581,2
145,582,2
145,583,2
145,584,2
145,585,2
146,60,1
146,61,1
146,62,2
146,63,2
146,64,2
146,65,2
146,66,2
146,67,2
146,68,2
146,69,2
146,70,1
146,71,1
146,72,1
146,73,1
146,74,1
146,75,1
146,76,1
146,77,1
146,78,1
146,79,1
146,80,1
146,81,1
146,82,1
146,83,1
146,84,1
146,85,1
146,86,1
146,87,1
146,88,1
146,89,1
146,90,1
146,91,1
146,554,2
146,555,2
146,556,2
146,557,2
146,558,2
146,559,2
146,560,2
146,561,2
146,562,2
146,563,2
146,564,2
146,565,2
146,566,2
146,567,2
146,568,2
146,569,2
146,570,2
146,571,2
146,572,2
146,573,2
146,574,2
146,575,2
146,576,2
146,577,2
146,578,2
146,579,2
146,580,2
146,581,2
146,582,2
146,583,2
146,584,2
146,585,2
147,60,1
147,61,1
147,62,2
147,63,2
147,64,2
147,65,2
147,66,2
147,67,2
147,68,2
147,69,2
147,70,1
147,71,1
147,72,1
147,73,1
147,74,1
147,75,1
147,76,1
147,77,1
147,78,1
147,79,1
147,80,1
147,81,1
147,82,1
147,83,1
147,84,1
147,85,1
147,86,1
147,87,1
147,88,1
147,89,1
147,90,1
147,91,1
147,554,2
147,555,2
147,556,2
147,557,2
147,558,2
147,559,2
147,560,2
147,561,2
147,562,2
147,563,2
147,564,2
147,565,2
147,566,2
147,567,2
147,568,2
147,569,2
147,570,2
147,571,2
147,572,2
147,573,2
147,574,2
147,575,2
147,576,2
147,577,2
147,578,2
147,579,2
147,580,2
147,581,2
147,582,2
147,583,2
147,584,2
147,585,2
148,60,1
148,61,1
148,62,2
148,63,2
148,64,2
148,65,2
148,66,2
148,67,2
148,68,2
148,69,2
148,70,1
148,71,1
148,72,1
148,73,1
148,74,1
148,75,1
148,76,1
148,77,1
148,78,1
148,79,1
148,80,1
148,81,1
148,82,1
148,83,1
148,84,1
148,85,1
148,86,1
148,87,1
148,88,1
148,89,1
148,90,1
148,91,1
148,554,2
148,555,2
148,556,2
148,557,2
148,558,2
148,559,2
148,560,2
148,561,2
148,562,2
148,563,2
148,564,2
148,565,2
148,566,2
148,567,2
148,568,2
148,569,2
148,570,2
148,571,2
148,572,2
148,573,2
148,574,2
148,575,2
148,576,2
148,577,2
148,578,2
148,579,2
148,580,2
148,581,2
148,582,2
148,583,2
148,584,2
148,585,2
149,60,1
149,61,1
149,62,2
149,63,2
149,64,2
149,65,2
149,66,2
149,67,2
149,68,2
149,69,2
149,70,1
149,71,1
149,72,1
149,73,1
149,74,1
149,75,1
149,76,1
149,77,1
149,78,1
149,79,1
149,80,1
149,81,1
149,82,1
149,83,1
149,84,1
149,85,1
149,86,1
149,87,1
149,88,1
149,89,1
149,90,1
149,91,1
149,554,2
149,555,2
149,556,2
149,557,2
149,558,2
149,559,2
149,560,2
149,561,2
149,562,2
149,563,2
149,564,2
149,565,2
149,566,2
149,567,2
149,568,2
149,569,2
149,570,2
149,571,2
149,572,2
149,573,2
149,574,2
149,575,2
149,576,2
149,577,2
149,578,2
149,579,2
149,580,2
149,581,2
149,582,2
149,583,2
149,584,2
149,585,2
150,554,2
150,555,2
150,556,2
150,557,2
150,558,2
150,559,2
150,560,2
150,561,2
150,562,2
150,563,2
150,564,2
150,565,2
150,566,2
150,567,2
150,568,2
150,569,2
150,570,2
150,571,2
150,572,2
150,573,2
150,574,2
150,575,2
150,576,2
150,577,2
150,578,2
150,579,2
150,580,2
150,581,2
150,582,2
150,583,2
150,584,2
150,585,2
151,554,2
151,555,2
151,556,2
151,557,2
151,558,2
151,559,2
151,560,2
151,561,2
151,562,2
151,563,2
151,564,2
151,565,2
151,566,2
151,567,2
151,568,2
151,569,2
151,570,2
151,571,2
151,572,2
151,573,2
151,574,2
151,575,2
151,576,2
151,577,2
151,578,2
151,579,2
151,580,2
151,581,2
151,582,2
151,583,2
151,584,2
151,585,2
152,554,2
152,555,2
152,556,2
152,557,2
152,558,2
152,559,2
152,560,2
152,561,2
152,562,2
152,563,2
152,564,2
152,565,2
152,566,2
152,567,2
152,568,2
152,569,2
152,570,2
152,571,2
152,572,2
152,573,2
152,574,2
152,575,2
152,576,2
152,577,2
152,578,2
152,579,2
152,580,2
152,581,2
152,582,2
152,583,2
152,584,2
152,585,2
153,554,2
153,555,2
153,556,2
153,557,2
153,558,2
153,559,2
153,560,2
153,561,2
153,562,2
153,563,2
153,564,2
153,565,2
153,566,2
153,567,2
153,568,2
153,569,2
153,570,2
153,571,2
153,572,2
153,573,2
153,574,2
153,575,2
153,576,2
153,577,2
153,578,2
153,579,2
153,580,2
153,581,2
153,582,2
153,583,2
153,584,2
153,585,2
154,554,2
154,555,2
154,556,2
154,557,2
154,558,2
154,559,2
154,560,2
154,561,2
154,562,2
154,563,2
154,564,2
154,565,2
154,566,2
154,567,2
154,568,2
154,569,2
154,570,2
154,571,2
154,572,2
154,573,2
154,574,2
154,575,2
154,576,2
154,577,2
154,578,2
154,579,2
154,580,2
154,581,2
154,582,2
154,583,2
154,584,2
154,585,2
155,554,2
155,555,2
155,556,2
155,557,2
155,558,2
155,559,2
155,560,2
155,561,2
155,562,2
155,563,2
155,564,2
155,565,2
155,566,2
155,567,2
155,568,2
155,569,2
155,570,2
155,571,2
155,572,2
155,573,2
155,574,2
155,575,2
155,576,2
155,577,2
155,578,2
155,579,2
155,580,2
155,581,2
155,582,2
155,583,2
155,584,2
155,585,2
156,554,2
156,555,2
156,556,2
156,557,2
156,558,2
156,559,2
156,560,2
156,561,2
156,562,2
156,563,2
156,564,2
156,565,2
156,566,2
156,567,2
156,568,2
156,569,2
156,570,2
156,571,2
156,572,2
156,573,2
156,574,2
156,575,2
156,576,2
156,577,2
156,578,2
156,579,2
156,580,2
156,581,2
156,582,2
156,583,2
156,584,2
156,585,2
157,554,2
157,555,2
157,556,2
157,557,2
157,558,2
157,559,2
157,560,2
157,561,2
157,562,2
157,563,2
157,564,2
157,565,2
157,566,2
157,567,2
157,568,2
157,569,2
157,570,2
157,571,2
157,572,2
157,573,2
157,574,2
157,575,2
157,576,2
157,577,2
157,578,2
157,579,2
157,580,2
157,581,2
157,582,2
157,583,2
157,584,2
157,585,2
158,554,2
158,555,2
158,556,2
158,557,2
158,558,2
158,559,2
158,560,2
158,561,2
158,562,2
158,563,2
158,564,2
158,565,2
158,566,2
158,567,2
158,568,2
158,569,2
158,570,2
158,571,2
158,572,2
158,573,2
158,574,2
158,575,2
158,576,2
158,577,2
158,578,2
158,579,2
158,580,2
158,581,2
158,582,2
158,583,2
158,584,2
158,585,2
159,554,2
159,555,2
159,556,2
159,557,2
159,558,2
159,559,2
159,560,2
159,561,2
159,562,2
159,563,2
159,564,2
159,565,2
159,566,2
159,567,2
159,568,2
159,569,2
159,570,2
159,571,2
159,572,2
159,573,2
159,574,2
159,575,2
159,576,2
159,577,2
159,578,2
159,579,2
159,580,2
159,581,2
159,582,2
159,583,2
159,584,2
159,585,2
160,554,2
160,555,2
160,556,2
160,557,2
160,558,2
160,559,2
160,560,2
160,561,2
160,562,2
160,563,2
160,564,2
160,565,2
160,566,2
160,567,2
160,568,2
160,569,2
160,570,2
160,571,2
160,572,2
160,573,2
160,574,2
160,575,2
160,576,2
160,577,2
160,578,2
160,579,2
160,580,2
160,581,2
160,582,2
160,583,2
160,584,2
160,585,2
161,554,2
161,555,2
161,556,2
161,557,2
161,558,2
161,559,2
161,560,2
161,561,2
161,562,2
161,563,2
161,564,2
161,565,2
161,566,2
161,567,2
161,568,2
161,569,2
161,570,2
161,571,2
161,572,2
161,573,2
161,574,2
161,575,2
161,576,2
161,577,2
161,578,2
161,579,2
161,580,2
161,581,2
161,582,2
161,583,2
161,584,2
161,585,2
162,554,2
162,555,2
162,556,2
162,557,2
162,558,2
162,559,2
162,560,2
162,561,2
162,562,2
162,563,2
162,564,2
162,565,2
162,566,2
162,567,2
162,568,2
162,569,2
162,570,2
162,571,2
162,572,2
162,573,2
162,574,2
162,575,2
162,576,2
162,577,2
162,578,2
162,579,2
162,580,2
162,581,2
162,582,2
162,583,2
162,584,2
162,585,2
163,554,2
163,555,2
163,556,2
163,557,2
163,558,2
163,559,2
163,560,2
163,561,2
163,562,2
163,563,2
163,564,2
163,565,2
163,566,2
163,567,2
163,568,2
163,569,2
163,570,2
163,571,2
163,572,2
163,573,2
163,574,2
163,575,2
163,576,2
163,577,2
163,578,2
163,579,2
163,580,2
163,581,2
163,582,2
163,583,2
163,584,2
163,585,2
164,554,2
164,555,2
164,556,2
164,557,2
164,558,2
164,559,2
164,560,2
164,561,2
164,562,2
164,563,2
164,564,2
164,565,2
164,566,2
164,567,2
164,568,2
164,569,2
164,570,2
164,571,2
164,572,2
164,573,2
164,574,2
164,575,2
164,576,2
164,577,2
164,578,2
164,579,2
164,580,2
164,581,2
164,582,2
164,583,2
164,584,2
164,585,2
165,554,2
165,555,2
165,556,2
165,557,2
165,558,2
165,559,2
165,560,2
165,561,2
165,562,2
165,563,2
165,564,2
165,565,2
165,566,2
165,567,2
165,568,2
165,569,2
165,570,2
165,571,2
165,572,2
165,573,2
165,574,2
165,575,2
165,576,2
165,577,2
165,578,2
165,579,2
165,580,2
165,581,2
165,582,2
165,583,2
165,584,2
165,585,2
166,554,2
166,555,2
166,556,2
166,557,2
166,558,2
166,559,2
166,560,2
166,561,2
166,562,2
166,563,2
166,564,2
166,565,2
166,566,2
166,567,2
166,568,2
166,569,2
166,570,2
166,571,2
166,572,2
166,573,2
166,574,2
166,575,2
166,576,2
166,577,2
166,578,2
166,579,2
166,580,2
166,581,2
166,582,2
166,583,2
166,584,2
166,585,2
167,554,2
167,555,2
167,556,2
167,557,2
167,558,2
167,559,2
167,560,2
167,561,2
167,562,2
167,563,2
167,564,2
167,565,2
167,566,2
167,567,2
167,568,2
167,569,2
167,570,2
167,571,2
167,572,2
167,573,2
167,574,2
167,575,2
167,576,2
167,577,2
167,578,2
167,579,2
167,580,2
167,581,2
167,582,2
167,583,2
167,584,2
167,585,2
168,554,2
168,555,2
168,556,2
168,557,2
168,558,2
168,559,2
168,560,2
168,561,2
168,562,2
168,563,2
168,564,2
168,565,2
168,566,2
168,567,2
168,568,2
168,569,2
168,570,2
168,571,2
168,572,2
168,573,2
168,574,2
168,575,2
168,576,2
168,577,2
168,578,2
168,579,2
168,580,2
168,581,2
168,582,2
168,583,2
168,584,2
168,585,2
169,554,2
169,555,2
169,556,2
169,557,2
169,558,2
169,559,2
169,560,2
169,561,2
169,562,2
169,563,2
169,564,2
169,565,2
169,566,2
169,567,2
169,568,2
169,569,2
169,570,2
169,571,2
169,572,2
169,573,2
169,574,2
169,575,2
169,576,2
169,577,2
169,578,2
169,579,2
169,580,2
169,581,2
169,582,2
169,583,2
169,584,2
169,585,2
170,554,2
170,555,2
170,556,2
170,557,2
170,558,2
170,559,2
170,560,2
170,561,2
170,562,2
170,563,2
170,564,2
170,565,2
170,566,2
170,567,2
170,568,2
170,569,2
170,570,2
170,571,2
170,572,2
170,573,2
170,574,2
170,575,2
170,576,2
170,577,2
170,578,2
170,579,2
170,580,2
170,581,2
170,582,2
170,583,2
170,584,2
170,585,2
400,45,1
400,46,1
400,47,1
400,48,1
400,49,1
400,50,1
400,51,1
400,52,1
400,53,1
400,54,1
400,55,1
400,56,1
400,57,1
400,58,1
400,59,1
400,60,1
401,45,1
401,46,1
401,47,1
401,48,1
401,49,1
401,50,1
401,51,1
401,52,1
401,53,1
401,54,1
401,55,1
401,56,1
401,57,1
401,58,1
401,59,1
401,60,1
402,45,1
402,46,1
402,47,1
402,48,1
402,49,1
402,50,1
402,51,1
402,52,1
402,53,1
402,54,1
402,55,1
402,56,1
402,57,1
402,58,1
402,59,1
402,60,1
403,45,1
403,46,1
403,47,1
403,48,1
403,49,1
403,50,1
403,51,1
403,52,1
403,53,1
403,54,1
403,55,1
403,56,1
403,57,1
403,58,1
403,59,1
403,60,1
404,45,1
404,46,1
404,47,1
404,48,1
404,49,1
404,50,1
404,51,1
404,52,1
404,53,1
404,54,1
404,55,1
404,56,1
404,57,1
404,58,1
404,59,1
404,60,1
405,45,1
405,46,1
405,47,1
405,48,1
405,49,1
405,50,1
405,51,1
405,52,1
405,53,1
405,54,1
405,55,1
405,56,1
405,57,1
405,58,1
405,59,1
405,60,1
406,45,1
406,46,1
406,47,1
406,48,1
406,49,1
406,50,1
406,51,1
406,52,1
406,53,1
406,54,1
406,55,1
406,56,1
406,57,1
406,58,1
406,59,1
406,60,1
407,45,1
407,46,1
407,47,1
407,48,1
407,49,1
407,50,1
407,51,1
407,52,1
407,53,1
407,54,1
407,55,1
407,56,1
407,57,1
407,58,1
407,59,1
407,60,1
408,45,1
408,46,1
408,47,1
408,48,1
408,49,1
408,50,1
408,51,1
408,52,1
408,53,1
408,54,1
408,55,1
408,56,1
408,57,1
408,58,1
408,59,1
408,60,1
409,45,1
409,46,1
409,47,1
409,48,1
409,49,1
409,50,1
409,51,1
409,52,1
409,53,1
409,54,1
409,55,1
409,56,1
409,57,1
409,58,1
409,59,1
409,60,1
430,47,2
430,48,2
430,49,2
430,50,2
430,51,2
430,52,2
430,53,2
430,54,2
430,55,2
430,56,2
431,47,2
431,48,2
431,49,2
431,50,2
431,51,2
431,52,2
431,53,2
431,54,2
431,55,2
431,56,2
432,44,1
432,45,1
432,46,1
432,47,3
432,48,3
432,49,3
432,50,3
432,51,3
432,52,3
432,53,3
432,54,2
432,55,2
432,56,2
433,44,1
433,45,1
433,46,1
433,47,3
433,48,3
433,49,3
433,50,3
433,51,3
433,52,3
433,53,3
433,54,2
433,55,2
433,56,2
434,44,1
434,45,1
434,46,1
434,47,3
434,48,3
434,49,3
434,50,3
434,51,3
434,52,3
434,53,3
434,54,2
434,55,2
434,56,2
435,44,1
435,45,1
435,46,1
435,47,3
435,48,3
435,49,3
435,50,3
435,51,3
435,52,3
435,53,3
435,54,2
435,55,2
435,56,2
436,44,1
436,45,1
436,46,1
436,47,3
436,48,3
436,49,3
436,50,3
436,51,3
436,52,3
436,53,3
436,54,2
436,55,2
436,56,2
437,44,1
437,45,1
437,46,1
437,47,3
437,48,3
437,49,3
437,50,3
437,51,3
437,52,3
437,53,3
437,54,2
437,55,2
437,56,2
438,44,1
438,45,1
438,46,1
438,47,3
438,48,3
438,49,3
438,50,3
438,51,3
438,52,3
438,53,3
438,54,2
438,55,2
438,56,2
439,44,1
439,45,1
439,46,1
439,47,3
439,48,3
439,49,3
439,50,3
439,51,3
439,52,3
439,53,3
439,54,2
439,55,2
439,56,2
440,44,1
440,45,1
440,46,1
440,47,2
440,48,2
440,49,3
440,50,3
440,51,3
440,52,3
440,53,3
440,54,2
440,55,2
440,56,2
440,57,1
440,58,1
440,59,1
440,60,1
441,44,1
441,45,1
441,46,1
441,47,2
441,48,2
441,49,3
441,50,3
441,51,3
441,52,3
441,53,3
441,54,2
441,55,2
441,56,2
441,57,1
441,58,1
441,59,1
441,60,1
442,44,1
442,45,1
442,46,1
442,47,2
442,48,2
442,49,3
442,50,3
442,51,3
442,52,3
442,53,3
442,54,2
442,55,2
442,56,2
442,57,1
442,58,1
442,59,1
442,60,1
443,44,1
443,45,1
443,46,1
443,47,1
443,48,1
443,49,2
443,50,2
443,51,2
443,52,2
443,53,2
443,54,1
443,55,1
443,56,1
443,57,1
443,58,1
443,59,1
443,60,1
444,44,1
444,45,1
444,46,1
444,47,1
444,48,1
444,49,2
444,50,2
444,51,2
444,52,2
444,53,2
444,54,1
444,55,1
444,56,1
444,57,1
444,58,1
444,59,1
444,60,1
445,44,1
445,45,1
445,46,1
445,47,1
445,48,1
445,49,2
445,50,2
445,51,2
445,52,2
445,53,2
445,54,1
445,55,1
445,56,1
445,57,1
445,58,1
445,59,1
445,60,1
446,49,1
446,50,1
446,51,1
446,52,1
446,53,1
446,54,1
446,55,1
446,56,1
446,57,1
446,58,1
446,59,1
446,60,1
447,49,1
447,50,1
447,51,1
447,52,1
447,53,1
447,54,1
447,55,1
447,56,1
447,57,1
447,58,1
447,59,1
447,60,1
448,49,1
448,50,1
448,51,1
448,52,1
448,53,1
448,54,1
448,55,1
448,56,1
448,57,1
448,58,1
448,59,1
448,60,1
449,49,1
449,50,1
449,51,1
449,52,1
449,53,1
449,54,1
449,55,1
449,56,1
449,57,1
449,58,1
449,59,1
449,60,1
450,45,1
450,46,1
450,47,1
450,48,1
450,49,1
450,50,1
450,51,1
450,52,1
450,53,1
450,54,1
451,45,1
451,46,1
451,47,1
451,48,1
451,49,1
451,50,1
451,51,1
451,52,1
451,53,1
451,54,1
452,45,1
452,46,1
452,47,1
452,48,1
452,49,1
452,50,1
452,51,1
452,52,1
452,53,1
452,54,1
453,45,1
453,46,1
453,47,1
453,48,1
453,49,1
453,50,1
453,51,1
453,52,1
453,53,1
453,54,1
454,45,1
454,46,1
454,47,1
454,48,1
454,49,1
454,50,1
454,51,1
454,52,1
454,53,1
454,54,1
455,45,1
455,46,1
455,47,1
455,48,1
455,49,1
455,50,1
455,51,1
455,52,1
455,53,1
455,54,1
456,45,1
456,46,1
456,47,1
456,48,1
456,49,1
456,50,1
456,51,1
456,52,1
456,53,1
456,54,1
457,45,1
457,46,1
457,47,1
457,48,1
457,49,1
457,50,1
457,51,1
457,52,1
457,53,1
457,54,1
458,45,1
458,46,1
458,47,1
458,48,1
458,49,1
458,50,1
458,51,1
458,52,1
458,53,1
458,54,1
459,45,1
459,46,1
459,47,1
459,48,1
459,49,1
459,50,1
459,51,1
459,52,1
459,53,1
459,54,1
460,45,1
460,46,1
460,47,1
460,48,1
460,49,1
460,50,1
460,51,1
460,52,1
460,53,1
460,54,1
461,45,1
461,46,1
461,47,1
461,48,1
461,49,1
461,50,1
461,51,1
461,52,1
461,53,1
461,54,1
823,54,1
823,55,1
823,56,1
823,57,1
823,58,1
823,59,1
823,60,1
823,61,1
823,62,1
823,63,1
823,64,1
823,65,1
824,54,1
824,55,1
824,56,1
824,57,1
824,58,1
824,59,1
824,60,1
824,61,1
824,62,1
824,63,1
824,64,1
824,65,1
825,54,1
825,55,1
825,56,2
825,57,2
825,58,2
825,59,2
825,60,2
825,61,2
825,62,2
825,63,2
825,64,2
825,65,2
825,66,1
825,67,1
826,54,1
826,55,1
826,56,2
826,57,2
826,58,2
826,59,2
826,60,2
826,61,2
826,62,2
826,63,2
826,64,2
826,65,2
826,66,1
826,67,1
827,54,1
827,55,1
827,56,2
827,57,2
827,58,2
827,59,2
827,60,2
827,61,2
827,62,2
827,63,2
827,64,2
827,65,2
827,66,1
827,67,1
828,54,1
828,55,1
828,56,2
828,57,2
828,58,2
828,59,2
828,60,2
828,61,2
828,62,2
828,63,2
828,64,2
828,65,2
828,66,1
828,67,1
829,54,1
829,55,1
829,56,2
829,57,2
829,58,2
829,59,2
829,60,2
829,61,2
829,62,2
829,63,2
829,64,2
829,65,2
829,66,1
829,67,1
830,54,1
830,55,1
830,56,2
830,57,2
830,58,2
830,59,2
830,60,2
830,61,2
830,62,2
830,63,2
830,64,2
830,65,2
830,66,1
830,67,1
831,56,1
831,57,1
831,58,1
831,59,1
831,60,1
831,61,1
831,62,1
831,63,1
831,64,1
831,65,1
831,66,1
831,67,1
832,56,1
832,57,1
832,58,1
832,59,1
832,60,1
832,61,1
832,62,1
832,63,1
832,64,1
832,65,1
832,66,1
832,67,1
833,43,1
833,44,1
833,45,1
833,46,1
833,47,1
833,48,1
833,49,1
833,50,1
833,51,1
833,52,1
833,53,1
833,54,1
833,56,1
833,57,2
833,58,2
833,59,2
833,60,2
833,61,2
833,62,2
833,63,2
833,64,2
833,65,2
833,66,2
833,67,2
833,68,1
834,43,1
834,44,1
834,45,1
834,46,1
834,47,1
834,48,1
834,49,1
834,50,1
834,51,1
834,52,1
834,53,1
834,54,1
834,57,1
834,58,1
834,59,1
834,60,1
834,61,1
834,62,1
834,63,1
834,64,1
834,65,1
834,66,1
834,67,1
834,68,1
835,43,1
835,44,1
835,45,1
835,46,1
835,47,1
835,48,1
835,49,1
835,50,1
835,51,1
835,52,1
835,53,1
835,54,1
835,57,1
835,58,1
835,59,1
835,60,1
835,61,1
835,62,1
835,63,1
835,64,1
835,65,1
835,66,1
835,67,1
835,68,1
836,43,1
836,44,1
836,45,1
836,46,1
836,47,1
836,48,1
836,49,1
836,50,1
836,51,1
836,52,1
836,53,1
836,54,1
836,57,1
836,58,1
836,59,1
836,60,1
836,61,1
836,62,1
836,63,1
836,64,1
836,65,1
836,66,1
836,67,1
836,68,1
837,43,1
837,44,1
837,45,1
837,46,1
837,47,1
837,48,1
837,49,1
837,50,1
837,51,1
837,52,1
837,53,1
837,54,1
837,57,1
837,58,1
837,59,1
837,60,1
837,61,1
837,62,1
837,63,1
837,64,1
837,65,1
837,66,1
837,67,1
837,68,1
838,43,1
838,44,1
838,45,1
838,46,1
838,47,1
838,48,1
838,49,1
838,50,1
838,51,1
838,52,1
838,53,1
838,54,1
838,57,1
838,58,1
838,59,1
838,60,1
838,61,1
838,62,1
838,63,1
838,64,1
838,65,1
838,66,1
838,67,1
838,68,1
839,43,1
839,44,1
839,45,1
839,46,1
839,47,1
839,48,1
839,49,1
839,50,1
839,51,1
839,52,1
839,53,1
839,54,1
839,57,1
839,58,1
839,59,1
839,60,1
839,61,1
839,62,1
839,63,1
839,64,1
839,65,1
839,66,1
839,67,1
839,68,1
840,43,1
840,44,1
840,45,1
840,46,1
840,47,1
840,48,1
840,49,1
840,50,1
840,51,1
840,52,1
840,53,1
840,54,1
840,57,1
840,58,1
840,59,1
840,60,1
840,61,1
840,62,1
840,63,1
840,64,1
840,65,1
840,66,1
840,67,1
840,68,1
841,43,1
841,44,1
841,45,1
841,46,1
841,47,1
841,48,1
841,49,1
841,50,1
841,51,1
841,52,1
841,53,1
841,54,1
841,57,1
841,58,1
841,59,1
841,60,1
841,61,1
841,62,1
841,63,1
841,64,1
841,65,1
841,66,1
841,67,1
841,68,1
842,43,1
842,44,1
842,45,1
842,46,1
842,47,1
842,48,1
842,49,1
842,50,1
842,51,1
842,52,1
842,53,1
842,54,1
842,57,1
842,58,1
842,59,1
842,60,1
842,61,1
842,62,1
842,63,1
842,64,1
842,65,1
842,66,1
842,67,1
842,68,1
843,43,1
843,44,1
843,45,1
843,46,1
843,47,1
843,48,1
843,49,1
843,50,1
843,51,1
843,52,1
843,53,1
843,54,1
843,57,1
843,58,1
843,59,1
843,60,1
843,61,1
843,62,1
843,63,1
843,64,1
843,65,1
843,66,1
843,67,1
843,68,1
844,43,1
844,44,1
844,45,1
844,46,1
844,47,1
844,48,1
844,49,1
844,50,1
844,51,1
844,52,1
844,53,1
844,54,1
844,57,1
844,58,1
844,59,1
844,60,1
844,61,1
844,62,1
844,63,1
844,64,1
844,65,1
844,66,1
844,67,1
844,68,1
845,43,1
845,44,1
845,45,1
845,46,1
845,47,1
845,48,1
845,49,1
845,50,1
845,51,1
845,52,1
845,53,1
845,54,1
845,57,1
845,58,1
845,59,1
845,60,1
845,61,1
845,62,1
845,63,1
845,64,1
845,65,1
845,66,1
845,67,1
845,68,1
846,43,1
846,44,1
846,45,1
846,46,1
846,47,1
846,48,1
846,49,1
846,50,1
846,51,1
846,52,1
846,53,1
846,54,1
846,57,1
846,58,1
846,59,1
846,60,1
846,61,1
846,62,1
846,63,1
846,64,1
846,65,1
846,66,1
846,67,1
846,68,1
847,43,1
847,44,1
847,45,1
847,46,1
847,47,1
847,48,1
847,49,1
847,50,1
847,51,1
847,52,1
847,53,1
847,54,1
847,57,1
847,58,1
847,59,1
847,60,1
847,61,1
847,62,1
847,63,1
847,64,1
847,65,1
847,66,1
847,67,1
847,68,1
848,43,1
848,44,1
848,45,1
848,46,1
848,47,1
848,48,1
848,49,1
848,50,1
848,51,1
848,52,1
848,53,1
848,54,1
848,57,1
848,58,1
848,59,1
848,60,1
848,61,1
848,62,1
848,63,1
848,64,1
848,65,1
848,66,1
848,67,1
848,68,1
849,43,1
849,44,1
849,45,1
849,46,1
849,47,1
849,48,1
849,49,1
849,50,1
849,51,1
849,52,1
849,53,1
849,54,1
849,57,1
849,58,1
849,59,1
849,60,1
849,61,1
849,62,1
849,63,1
849,64,1
849,65,1
849,66,1
849,67,1
849,68,1
850,43,1
850,44,1
850,45,1
850,46,1
850,47,1
850,48,1
850,49,1
850,50,1
850,51,1
850,52,1
850,53,1
850,54,1
850,57,1
850,58,1
850,59,1
850,60,1
850,61,1
850,62,1
850,63,1
850,64,1
850,65,1
850,66,1
850,67,1
850,68,1
853,50,1
853,51,1
853,52,1
853,53,1
853,54,1
853,55,1
853,56,1
853,57,1
853,58,1
853,59,1
853,60,1
853,61,1
853,62,1
853,63,1
853,64,1
853,65,1
853,66,1
853,67,1
853,68,1
853,69,1
853,70,1
853,71,1
854,50,1
854,51,1
854,52,1
854,53,1
854,54,1
854,55,1
854,56,1
854,57,1
854,58,1
854,59,1
854,60,1
854,61,1
854,62,1
854,63,1
854,64,1
854,65,1
854,66,1
854,67,1
854,68,1
854,69,1
854,70,1
854,71,1
855,50,1
855,51,1
855,52,1
855,53,1
855,54,1
855,55,1
855,56,1
855,57,1
855,58,1
855,59,1
855,60,1
855,61,1
855,62,1
855,63,1
855,64,1
855,65,1
855,66,1
855,67,1
855,68,1
855,69,1
855,70,1
855,71,1
856,50,1
856,51,1
856,52,1
856,53,1
856,54,1
856,55,1
856,56,1
856,57,1
856,58,1
856,59,1
856,60,1
856,61,1
856,62,1
856,63,1
856,64,1
856,65,1
856,66,1
856,67,1
856,68,1
856,69,1
856,70,1
856,71,1
857,50,1
857,51,1
857,52,1
857,53,1
857,54,1
857,55,1
857,56,1
857,57,1
857,58,1
857,59,1
857,60,1
857,61,1
857,62,1
857,63,1
857,64,1
857,65,1
857,66,1
857,67,1
857,68,1
857,69,1
857,70,1
857,71,1
858,50,1
858,51,1
858,52,1
858,53,1
858,54,1
858,55,1
858,56,1
858,57,1
858,58,1
858,59,1
858,60,1
858,61,1
858,62,1
858,63,1
858,64,1
858,65,1
858,66,1
858,67,1
858,68,1
858,69,1
858,70,1
858,71,1
859,50,1
859,51,1
859,52,1
859,53,1
859,54,1
859,55,1
859,56,1
859,57,1
859,58,1
859,59,1
859,60,1
859,61,1
859,62,1
859,63,1
859,64,1
859,65,1
859,66,1
859,67,1
859,68,1
859,69,1
859,70,1
859,71,1
860,50,1
860,51,1
860,52,1
860,53,1
860,54,1
860,55,1
860,56,1
860,57,1
860,58,1
860,59,1
860,60,1
860,61,1
860,62,1
860,63,1
860,64,1
860,65,1
860,66,1
860,67,1
860,68,1
860,69,1
860,70,1
860,71,1
873,40,1
873,41,1
873,42,1
873,43,1
873,44,1
873,45,1
873,46,1
873,47,1
873,48,1
873,49,1
873,50,1
873,51,1
874,40,1
874,41,1
874,42,1
874,43,1
874,44,1
874,45,1
874,46,1
874,47,1
874,48,1
874,49,1
874,50,1
874,51,1
875,40,1
875,41,1
875,42,1
875,43,1
875,44,1
875,45,1
875,46,1
875,47,1
875,48,1
875,49,1
875,50,1
875,51,1
876,40,1
876,41,1
876,42,1
876,43,1
876,44,1
876,45,1
876,46,1
876,47,1
876,48,1
876,49,1
876,50,1
876,51,1
877,40,1
877,41,1
877,42,1
877,43,1
877,44,1
877,45,1
877,46,1
877,47,1
877,48,1
877,49,1
877,50,1
877,51,1
878,40,1
878,41,1
878,42,1
878,43,1
878,44,1
878,45,1
878,46,1
878,47,1
878,48,1
878,49,1
878,50,1
878,51,1
879,40,1
879,41,1
879,42,1
879,43,1
879,44,1
879,45,1
879,46,1
879,47,1
879,48,1
879,49,1
879,50,1
879,51,1
880,40,1
880,41,1
880,42,1
880,43,1
880,44,1
880,45,1
880,46,1
880,47,1
880,48,1
880,49,1
880,50,1
880,51,1
881,40,1
881,41,1
881,42,1
881,43,1
881,44,1
881,45,1
881,46,1
881,47,1
881,48,1
881,49,1
881,50,1
881,51,1
882,40,1
882,41,1
882,42,1
882,43,1
882,44,1
882,45,1
882,46,1
882,47,1
882,48,1
882,49,1
882,50,1
882,51,1
883,40,1
883,41,1
883,42,1
883,43,1
883,44,1
883,45,1
883,46,1
883,47,1
883,48,1
883,49,1
883,50,1
883,51,1
884,40,1
884,41,1
884,42,1
884,43,1
884,44,1
884,45,1
884,46,1
884,47,1
884,48,1
884,49,1
884,50,1
884,51,1
885,40,1
885,41,1
885,42,1
885,43,1
885,44,1
885,45,1
885,46,1
885,47,1
885,48,1
885,49,1
885,50,1
885,51,1
886,40,1
886,41,1
886,42,1
886,43,1
886,44,1
886,45,1
886,46,1
886,47,1
886,48,1
886,49,1
886,50,1
886,51,1
887,40,1
887,41,1
887,42,1
887,43,1
887,44,1
887,45,1
887,46,1
887,47,1
887,48,1
887,49,1
887,50,1
887,51,1
888,40,1
888,41,1
888,42,1
888,43,1
888,44,1
888,45,1
888,46,1
888,47,1
888,48,1
888,49,1
888,50,1
888,51,1
889,40,1
889,41,1
889,42,1
889,43,1
889,44,1
889,45,1
889,46,1
889,47,1
889,48,1
889,49,1
889,50,1
889,51,1
890,40,1
890,41,1
890,42,1
890,43,1
890,44,1
890,45,1
890,46,1
890,47,1
890,48,1
890,49,1
890,50,1
890,51,1
891,40,1
891,41,1
891,42,1
891,43,1
891,44,1
891,45,1
891,46,1
891,47,1
891,48,1
891,49,1
891,50,1
891,51,1
892,40,1
892,41,1
892,42,1
892,43,1
892,44,1
892,45,1
892,46,1
892,47,1
892,48,1
892,49,1
892,50,1
892,51,1
893,40,1
893,41,1
893,42,1
893,43,1
893,44,1
893,45,1
893,46,1
893,47,1
893,48,1
893,49,1
893,50,1
893,51,1
894,40,1
894,41,1
894,42,1
894,43,1
894,44,1
894,45,1
894,46,1
894,47,1
894,48,1
894,49,1
894,50,1
894,51,1
895,40,1
895,41,1
895,42,1
895,43,1
895,44,1
895,45,1
895,46,1
895,47,1
895,48,1
895,49,1
895,50,1
895,51,1
896,40,1
896,41,1
896,42,1
896,43,1
896,44,1
896,45,1
896,46,1
896,47,1
896,48,1
896,49,1
896,50,1
896,51,1
897,40,1
897,41,1
897,42,1
897,43,1
897,44,1
897,45,1
897,46,1
897,47,1
897,48,1
897,49,1
897,50,1
897,51,1
898,40,1
898,41,1
898,42,1
898,43,1
898,44,1
898,45,1
898,46,1
898,47,1
898,48,1
898,49,1
898,50,1
898,51,1
899,40,1
899,41,1
899,42,1
899,43,1
899,44,1
899,45,1
899,46,1
899,47,1
899,48,1
899,49,1
899,50,1
899,51,1
900,40,1
900,41,1
900,42,1
900,43,1
900,44,1
900,45,1
900,46,1
900,47,1
900,48,1
900,49,1
900,50,1
900,51,1
1008,554,1
1008,555,1
1008,556,1
1008,557,1
1008,558,1
1008,559,1
1008,560,1
1008,561,1
1008,562,1
1008,563,1
1009,554,1
1009,555,1
1009,556,1
1009,557,1
1009,558,1
1009,559,1
1009,560,1
1009,561,1
1009,562,1
1009,563,1
1010,554,1
1010,555,1
1010,556,1
1010,557,1
1010,558,1
1010,559,1
1010,560,1
1010,561,1
1010,562,1
1010,563,1
1011,554,1
1011,555,1
1011,556,1
1011,557,1
1011,558,1
1011,559,1
1011,560,1
1011,561,1
1011,562,1
1011,563,1
1012,554,1
1012,555,1
1012,556,1
1012,557,1
1012,558,1
1012,559,1
1012,560,1
1012,561,1
1012,562,1
1012,563,1
1013,554,1
1013,555,1
1013,556,1
1013,557,1
1013,558,1
1013,559,1
1013,560,1
1013,561,1
1013,562,1
1013,563,1
1014,554,1
1014,555,1
1014,556,1
1014,557,1
1014,558,1
1014,559,1
1014,560,1
1014,561,1
1014,562,1
1014,563,1
1015,554,1
1015,555,1
1015,556,1
1015,557,1
1015,558,1
1015,559,1
1015,560,1
1015,561,1
1015,562,1
1015,563,1
1016,554,1
1016,555,1
1016,556,1
1016,557,1
1016,558,1
1016,559,1
1016,560,1
1016,561,1
1016,562,1
1016,563,1
1017,554,1
1017,555,1
1017,556,1
1017,557,1
1017,558,1
1017,559,1
1017,560,1
1017,561,1
1017,562,1
1017,563,1
1018,554,1
1018,555,1
1018,556,1
1018,557,1
1018,558,1
1018,559,1
1018,560,1
1018,561,1
1018,562,1
1018,563,1
1019,554,1
1019,555,1
1019,556,1
1019,557,1
1019,558,1
1019,559,1
1019,560,1
1019,561,1
1019,562,1
1019,563,1
1020,554,1
1020,555,1
1020,556,1
1020,557,1
1020,558,1
1020,559,1
1020,560,1
1020,561,1
1020,562,1
1020,563,1
1021,554,1
1021,555,1
1021,556,1
1021,557,1
1021,558,1
1021,559,1
1021,560,1
1021,561,1
1021,562,1
1021,563,1
1022,554,1
1022,555,1
1022,556,1
1022,557,1
1022,558,1
1022,559,1
1022,560,1
1022,561,1
1022,562,1
1022,563,1
1023,554,2
1023,555,2
1023,556,2
1023,557,2
1023,558,2
1023,559,2
1023,560,2
1023,561,2
1023,562,2
1023,563,2
1023,564,1
1023,565,1
1023,566,1
1023,567,1
1023,568,1
1023,569,1
1023,570,1
1023,571,1
1023,572,1
1023,573,1
1023,574,1
1023,575,1
1023,576,1
1023,577,1
1023,578,1
1023,579,1
1023,580,1
1023,581,1
1023,582,1
1023,583,1
1023,584,1
1023,585,1
1024,554,2
1024,555,2
1024,556,2
1024,557,2
1024,558,2
1024,559,2
1024,560,2
1024,561,2
1024,562,2
1024,563,2
1024,564,1
1024,565,1
1024,566,1
1024,567,1
1024,568,1
1024,569,1
1024,570,1
1024,571,1
1024,572,1
1024,573,1
1024,574,1
1024,575,1
1024,576,1
1024,577,1
1024,578,1
1024,579,1
1024,580,1
1024,581,1
1024,582,1
1024,583,1
1024,584,1
1024,585,1
1025,554,2
1025,555,2
1025,556,2
1025,557,2
1025,558,2
1025,559,2
1025,560,2
1025,561,2
1025,562,2
1025,563,2
1025,564,1
1025,565,1
1025,566,1
1025,567,1
1025,568,1
1025,569,1
1025,570,1
1025,571,1
1025,572,1
1025,573,1
1025,574,1
1025,575,1
1025,576,1
1025,577,1
1025,578,1
1025,579,1
1025,580,1
1025,581,1
1025,582,1
1025,583,1
1025,584,1
1025,585,1
1026,554,2
1026,555,2
1026,556,2
1026,557,2
1026,558,2
1026,559,2
1026,560,2
1026,561,2
1026,562,2
1026,563,2
1026,564,1
1026,565,1
1026,566,1
1026,567,1
1026,568,1
1026,569,1
1026,570,1
1026,571,1
1026,572,1
1026,573,1
1026,574,1
1026,575,1
1026,576,1
1026,577,1
1026,578,1
1026,579,1
1026,580,1
1026,581,1
1026,582,1
1026,583,1
1026,584,1
1026,585,1
1027,554,2
1027,555,2
1027,556,2
1027,557,2
1027,558,2
1027,559,2
1027,560,2
1027,561,2
1027,562,2
1027,563,2
1027,564,1
1027,565,1
1027,566,1
1027,567,1
1027,568,1
1027,569,1
1027,570,1
1027,571,1
1027,572,1
1027,573,1
1027,574,1
1027,575,1
1027,576,1
1027,577,1
1027,578,1
1027,579,1
1027,580,1
1027,581,1
1027,582,1
1027,583,1
1027,584,1
1027,585,1
1028,534,1
1028,535,1
1028,536,1
1028,537,1
1028,538,1
1028,539,1
1028,540,1
1028,541,1
1028,542,1
1028,543,1
1028,554,1
1028,555,1
1028,556,1
1028,557,1
1028,558,1
1028,559,1
1028,560,1
1028,561,1
1028,562,1
1028,563,1
1028,564,1
1028,565,1
1028,566,1
1028,567,1
1028,568,1
1028,569,1
1028,570,1
1028,571,1
1028,572,1
1028,573,1
1028,574,1
1028,575,1
1028,576,1
1028,577,1
1028,578,1
1028,579,1
1028,580,1
1028,581,1
1028,582,1
1028,583,1
1028,584,1
1028,585,1
1029,534,1
1029,535,1
1029,536,1
1029,537,1
1029,538,1
1029,539,1
1029,540,1
1029,541,1
1029,542,1
1029,543,1
1029,554,1
1029,555,1
1029,556,1
1029,557,1
1029,558,1
1029,559,1
1029,560,1
1029,561,1
1029,562,1
1029,563,1
1029,564,1
1029,565,1
1029,566,1
1029,567,1
1029,568,1
1029,569,1
1029,570,1
1029,571,1
1029,572,1
1029,573,1
1029,574,1
1029,575,1
1029,576,1
1029,577,1
1029,578,1
1029,579,1
1029,580,1
1029,581,1
1029,582,1
1029,583,1
1029,584,1
1029,585,1
1030,34,1
1030,35,1
1030,36,1
1030,37,1
1030,38,1
1030,39,1
1030,40,1
1030,41,1
1030,42,1
1030,43,1
1030,44,1
1030,45,1
1030,46,1
1030,47,1
1030,48,1
1030,49,1
1030,50,1
1030,51,1
1030,52,1
1030,53,1
1030,54,1
1030,55,1
1030,56,1
1030,57,1
1030,58,1
1030,59,1
1030,60,1
1030,61,1
1030,62,1
1030,63,1
1030,534,1
1030,535,1
1030,536,1
1030,537,1
1030,538,1
1030,539,1
1030,540,1
1030,541,1
1030,542,1
1030,543,1
1030,554,1
1030,555,1
1030,556,1
1030,557,1
1030,558,1
1030,559,1
1030,560,1
1030,561,1
1030,562,1
1030,563,1
1030,564,1
1030,565,1
1030,566,1
1030,567,1
1030,568,1
1030,569,1
1030,570,1
1030,571,1
1030,572,1
1030,573,1
1030,574,1
1030,575,1
1030,576,1
1030,577,1
1030,578,1
1030,579,1
1030,580,1
1030,581,1
1030,582,1
1030,583,1
1030,584,1
1030,585,1
1031,34,1
1031,35,1
1031,36,1
1031,37,1
1031,38,1
1031,39,1
1031,40,1
1031,41,1
1031,42,1
1031,43,1
1031,44,1
1031,45,1
1031,46,1
1031,47,1
1031,48,1
1031,49,1
1031,50,1
1031,51,1
1031,52,1
1031,53,1
1031,54,1
1031,55,1
1031,56,1
1031,57,1
1031,58,1
1031,59,1
1031,60,1
1031,61,1
1031,62,1
1031,63,1
1031,534,1
1031,535,1
1031,536,1
1031,537,1
1031,538,1
1031,539,1
1031,540,1
1031,541,1
1031,542,1
1031,543,1
1031,554,1
1031,555,1
1031,556,1
1031,557,1
1031,558,1
1031,559,1
1031,560,1
1031,561,1
1031,562,1
1031,563,1
1031,564,1
1031,565,1
1031,566,1
1031,567,1
1031,568,1
1031,569,1
1031,570,1
1031,571,1
1031,572,1
1031,573,1
1031,574,1
1031,575,1
1031,576,1
1031,577,1
1031,578,1
1031,579,1
1031,580,1
1031,581,1
1031,582,1
1031,583,1
1031,584,1
1031,585,1
1032,34,1
1032,35,1
1032,36,1
1032,37,1
1032,38,1
1032,39,1
1032,40,1
1032,41,1
1032,42,1
1032,43,1
1032,44,1
1032,45,1
1032,46,1
1032,47,1
1032,48,1
1032,49,1
1032,50,1
1032,51,1
1032,52,1
1032,53,1
1032,54,1
1032,55,1
1032,56,1
1032,57,1
1032,58,1
1032,59,1
1032,60,1
1032,61,1
1032,62,1
1032,63,1
1032,534,1
1032,535,1
1032,536,1
1032,537,1
1032,538,1
1032,539,1
1032,540,1
1032,541,1
1032,542,1
1032,543,1
1032,554,1
1032,555,1
1032,556,1
1032,557,1
1032,558,1
1032,559,1
1032,560,1
1032,561,1
1032,562,1
1032,563,1
1032,564,1
1032,565,1
1032,566,1
1032,567,1
1032,568,1
1032,569,1
1032,570,1
1032,571,1
1032,572,1
1032,573,1
1032,574,1
1032,575,1
1032,576,1
1032,577,1
1032,578,1
1032,579,1
1032,580,1
1032,581,1
1032,582,1
1032,583,1
1032,584,1
1032,585,1
1033,34,1
1033,35,1
1033,36,1
1033,37,1
1033,38,1
1033,39,1
1033,40,1
1033,41,1
1033,42,1
1033,43,1
1033,44,1
1033,45,1
1033,46,1
1033,47,1
1033,48,1
1033,49,1
1033,50,1
1033,51,1
1033,52,1
1033,53,1
1033,54,1
1033,55,1
1033,56,1
1033,57,1
1033,58,1
1033,59,1
1033,60,1
1033,61,1
1033,62,1
1033,63,1
1033,534,1
1033,535,1
1033,536,1
1033,537,1
1033,538,1
1033,539,1
1033,540,1
1033,541,1
1033,542,1
1033,543,1
1033,554,1
1033,555,1
1033,556,1
1033,557,1
1033,558,1
1033,559,1
1033,560,1
1033,561,1
1033,562,1
1033,563,1
1033,564,1
1033,565,1
1033,566,1
1033,567,1
1033,568,1
1033,569,1
1033,570,1
1033,571,1
1033,572,1
1033,573,1
1033,574,1
1033,575,1
1033,576,1
1033,577,1
1033,578,1
1033,579,1
1033,580,1
1033,581,1
1033,582,1
1033,583,1
1033,584,1
1033,585,1
1034,34,1
1034,35,1
1034,36,1
1034,37,1
1034,38,1
1034,39,1
1034,40,1
1034,41,1
1034,42,1
1034,43,1
1034,44,1
1034,45,1
1034,46,1
1034,47,1
1034,48,1
1034,49,1
1034,50,1
1034,51,1
1034,52,1
1034,53,1
1034,54,1
1034,55,1
1034,56,1
1034,57,1
1034,58,1
1034,59,1
1034,60,1
1034,61,1
1034,62,1
1034,63,1
1034,534,1
1034,535,1
1034,536,1
1034,537,1
1034,538,1
1034,539,1
1034,540,1
1034,541,1
1034,542,1
1034,543,1
1034,544,1
1034,545,1
1034,546,1
1034,547,1
1034,548,1
1034,549,1
1034,550,1
1034,551,1
1034,552,1
1034,553,1
1034,554,2
1034,555,2
1034,556,2
1034,557,2
1034,558,2
1034,559,2
1034,560,2
1034,561,2
1034,562,2
1034,563,2
1034,564,1
1034,565,1
1034,566,1
1034,567,1
1034,568,1
1034,569,1
1034,570,1
1034,571,1
1034,572,1
1034,573,1
1034,574,1
1034,575,1
1034,576,1
1034,577,1
1034,578,1
1034,579,1
1034,580,1
1034,581,1
1034,582,1
1034,583,1
1034,584,1
1034,585,1
1035,34,1
1035,35,1
1035,36,1
1035,37,1
1035,38,1
1035,39,1
1035,40,1
1035,41,1
1035,42,1
1035,43,1
1035,44,1
1035,45,1
1035,46,1
1035,47,1
1035,48,1
1035,49,1
1035,50,1
1035,51,1
1035,52,1
1035,53,1
1035,54,1
1035,55,1
1035,56,1
1035,57,1
1035,58,1
1035,59,1
1035,60,1
1035,61,1
1035,62,1
1035,63,1
1035,534,1
1035,535,1
1035,536,1
1035,537,1
1035,538,1
1035,539,1
1035,540,1
1035,541,1
1035,542,1
1035,543,1
1035,544,1
1035,545,1
1035,546,1
1035,547,1
1035,548,1
1035,549,1
1035,550,1
1035,551,1
1035,552,1
1035,553,1
1035,554,2
1035,555,2
1035,556,2
1035,557,2
1035,558,2
1035,559,2
1035,560,2
1035,561,2
1035,562,2
1035,563,2
1035,564,1
1035,565,1
1035,566,1
1035,567,1
1035,568,1
1035,569,1
1035,570,1
1035,571,1
1035,572,1
1035,573,1
1035,574,1
1035,575,1
1035,576,1
1035,577,1
1035,578,1
1035,579,1
1035,580,1
1035,581,1
1035,582,1
1035,583,1
1035,584,1
1035,585,1
1036,34,1
1036,35,1
1036,36,1
1036,37,1
1036,38,1
1036,39,1
1036,40,1
1036,41,1
1036,42,1
1036,43,1
1036,44,1
1036,45,1
1036,46,1
1036,47,1
1036,48,1
1036,49,1
1036,50,1
1036,51,1
1036,52,1
1036,53,1
1036,54,1
1036,55,1
1036,56,1
1036,57,1
1036,58,1
1036,59,1
1036,60,1
1036,61,1
1036,62,1
1036,63,1
1036,534,1
1036,535,1
1036,536,1
1036,537,1
1036,538,1
1036,539,1
1036,540,1
1036,541,1
1036,542,1
1036,543,1
1036,544,1
1036,545,1
1036,546,1
1036,547,1
1036,548,1
1036,549,1
1036,550,1
1036,551,1
1036,552,1
1036,553,1
1036,554,2
1036,555,2
1036,556,2
1036,557,2
1036,558,2
1036,559,2
1036,560,2
1036,561,2
1036,562,2
1036,563,2
1036,564,1
1036,565,1
1036,566,1
1036,567,1
1036,568,1
1036,569,1
1036,570,1
1036,571,1
1036,572,1
1036,573,1
1036,574,1
1036,575,1
1036,576,1
1036,577,1
1036,578,1
1036,579,1
1036,580,1
1036,581,1
1036,582,1
1036,583,1
1036,584,1
1036,585,1
1037,34,1
1037,35,1
1037,36,1
1037,37,1
1037,38,1
1037,39,1
1037,40,1
1037,41,1
1037,42,1
1037,43,1
1037,44,1
1037,45,1
1037,46,1
1037,47,1
1037,48,1
1037,49,1
1037,50,1
1037,51,1
1037,52,1
1037,53,1
1037,54,1
1037,55,1
1037,56,1
1037,57,1
1037,58,1
1037,59,1
1037,60,1
1037,61,1
1037,62,1
1037,63,1
1037,534,1
1037,535,1
1037,536,1
1037,537,1
1037,538,1
1037,539,1
1037,540,1
1037,541,1
1037,542,1
1037,543,1
1037,544,1
1037,545,1
1037,546,1
1037,547,1
1037,548,1
1037,549,1
1037,550,1
1037,551,1
1037,552,1
1037,553,1
1037,554,2
1037,555,2
1037,556,2
1037,557,2
1037,558,2
1037,559,2
1037,560,2
1037,561,2
1037,562,2
1037,563,2
1037,564,1
1037,565,1
1037,566,1
1037,567,1
1037,568,1
1037,569,1
1037,570,1
1037,571,1
1037,572,1
1037,573,1
1037,574,1
1037,575,1
1037,576,1
1037,577,1
1037,578,1
1037,579,1
1037,580,1
1037,581,1
1037,582,1
1037,583,1
1037,584,1
1037,585,1
1038,34,1
1038,35,1
1038,36,1
1038,37,1
1038,38,1
1038,39,1
1038,40,1
1038,41,1
1038,42,1
1038,43,1
1038,44,1
1038,45,1
1038,46,1
1038,47,1
1038,48,1
1038,49,1
1038,50,1
1038,51,1
1038,52,1
1038,53,1
1038,54,1
1038,55,1
1038,56,1
1038,57,1
1038,58,1
1038,59,1
1038,60,1
1038,61,1
1038,62,1
1038,63,1
1038,544,1
1038,545,1
1038,546,1
1038,547,1
1038,548,1
1038,549,1
1038,550,1
1038,551,1
1038,552,1
1038,553,1
1038,554,2
1038,555,2
1038,556,2
1038,557,2
1038,558,2
1038,559,2
1038,560,2
1038,561,2
1038,562,2
1038,563,2
1038,564,1
1038,565,1
1038,566,1
1038,567,1
1038,568,1
1038,569,1
1038,570,1
1038,571,1
1038,572,1
1038,573,1
1038,574,1
1038,575,1
1038,576,1
1038,577,1
1038,578,1
1038,579,1
1038,580,1
1038,581,1
1038,582,1
1038,583,1
1038,584,1
1038,585,1
1039,34,1
1039,35,1
1039,36,1
1039,37,1
1039,38,1
1039,39,1
1039,40,1
1039,41,1
1039,42,1
1039,43,1
1039,44,1
1039,45,1
1039,46,1
1039,47,1
1039,48,1
1039,49,1
1039,50,1
1039,51,1
1039,52,1
1039,53,1
1039,54,1
1039,55,1
1039,56,1
1039,57,1
1039,58,1
1039,59,1
1039,60,1
1039,61,1
1039,62,1
1039,63,1
1039,544,1
1039,545,1
1039,546,1
1039,547,1
1039,548,1
1039,549,1
1039,550,1
1039,551,1
1039,552,1
1039,553,1
1039,554,2
1039,555,2
1039,556,2
1039,557,2
1039,558,2
1039,559,2
1039,560,2
1039,561,2
1039,562,2
1039,563,2
1039,564,1
1039,565,1
1039,566,1
1039,567,1
1039,568,1
1039,569,1
1039,570,1
1039,571,1
1039,572,1
1039,573,1
1039,574,1
1039,575,1
1039,576,1
1039,577,1
1039,578,1
1039,579,1
1039,580,1
1039,581,1
1039,582,1
1039,583,1
1039,584,1
1039,585,1
1040,34,1
1040,35,1
1040,36,2
1040,37,2
1040,38,2
1040,39,2
1040,40,2
1040,41,2
1040,42,2
1040,43,2
1040,44,2
1040,45,2
1040,46,2
1040,47,2
1040,48,2
1040,49,2
1040,50,2
1040,51,2
1040,52,2
1040,53,2
1040,54,2
1040,55,2
1040,56,1
1040,57,1
1040,58,1
1040,59,1
1040,60,1
1040,61,1
1040,62,1
1040,63,1
1040,544,1
1040,545,1
1040,546,1
1040,547,1
1040,548,1
1040,549,1
1040,550,1
1040,551,1
1040,552,1
1040,553,1
1040,554,2
1040,555,2
1040,556,2
1040,557,2
1040,558,2
1040,559,2
1040,560,2
1040,561,2
1040,562,2
1040,563,2
1040,564,1
1040,565,1
1040,566,1
1040,567,1
1040,568,1
1040,569,1
1040,570,1
1040,571,1
1040,572,1
1040,573,1
1040,574,1
1040,575,1
1040,576,1
1040,577,1
1040,578,1
1040,579,1
1040,580,1
1040,581,1
1040,582,1
1040,583,1
1040,584,1
1040,585,1
1041,34,1
1041,35,1
1041,36,2
1041,37,2
1041,38,2
1041,39,2
1041,40,2
1041,41,2
1041,42,2
1041,43,2
1041,44,2
1041,45,2
1041,46,2
1041,47,2
1041,48,2
1041,49,2
1041,50,2
1041,51,2
1041,52,2
1041,53,2
1041,54,2
1041,55,2
1041,56,1
1041,57,1
1041,58,1
1041,59,1
1041,60,1
1041,61,1
1041,62,1
1041,63,1
1041,544,1
1041,545,1
1041,546,1
1041,547,1
1041,548,1
1041,549,1
1041,550,1
1041,551,1
1041,552,1
1041,553,1
1041,554,2
1041,555,2
1041,556,2
1041,557,2
1041,558,2
1041,559,2
1041,560,2
1041,561,2
1041,562,2
1041,563,2
1041,564,1
1041,565,1
1041,566,1
1041,567,1
1041,568,1
1041,569,1
1041,570,1
1041,571,1
1041,572,1
1041,573,1
1041,574,1
1041,575,1
1041,576,1
1041,577,1
1041,578,1
1041,579,1
1041,580,1
1041,581,1
1041,582,1
1041,583,1
1041,584,1
1041,585,1
1042,34,1
1042,35,1
1042,36,2
1042,37,2
1042,38,2
1042,39,2
1042,40,2
1042,41,2
1042,42,2
1042,43,2
1042,44,2
1042,45,2
1042,46,2
1042,47,2
1042,48,2
1042,49,2
1042,50,2
1042,51,2
1042,52,2
1042,53,2
1042,54,2
1042,55,2
1042,56,1
1042,57,1
1042,58,1
1042,59,1
1042,60,1
1042,61,1
1042,62,1
1042,63,1
1042,544,1
1042,545,1
1042,546,1
1042,547,1
1042,548,1
1042,549,1
1042,550,1
1042,551,1
1042,552,1
1042,553,1
1042,554,2
1042,555,2
1042,556,2
1042,557,2
1042,558,2
1042,559,2
1042,560,2
1042,561,2
1042,562,2
1042,563,2
1042,564,1
1042,565,1
1042,566,1
1042,567,1
1042,568,1
1042,569,1
1042,570,1
1042,571,1
1042,572,1
1042,573,1
1042,574,1
1042,575,1
1042,576,1
1042,577,1
1042,578,1
1042,579,1
1042,580,1
1042,581,1
1042,582,1
1042,583,1
1042,584,1
1042,585,1
1043,34,1
1043,35,1
1043,36,2
1043,37,2
1043,38,2
1043,39,2
1043,40,2
1043,41,2
1043,42,2
1043,43,2
1043,44,2
1043,45,2
1043,46,2
1043,47,2
1043,48,2
1043,49,2
1043,50,2
1043,51,2
1043,52,2
1043,53,2
1043,54,2
1043,55,2
1043,56,1
1043,57,1
1043,58,1
1043,59,1
1043,60,1
1043,61,1
1043,62,1
1043,63,1
1043,544,1
1043,545,1
1043,546,1
1043,547,1
1043,548,1
1043,549,1
1043,550,1
1043,551,1
1043,552,1
1043,553,1
1043,554,2
1043,555,2
1043,556,2
1043,557,2
1043,558,2
1043,559,2
1043,560,2
1043,561,2
1043,562,2
1043,563,2
1043,564,1
1043,565,1
1043,566,1
1043,567,1
1043,568,1
1043,569,1
1043,570,1
1043,571,1
1043,572,1
1043,573,1
1043,574,1
1043,575,1
1043,576,1
1043,577,1
1043,578,1
1043,579,1
1043,580,1
1043,581,1
1043,582,1
1043,583,1
1043,584,1
1043,585,1
1044,34,1
1044,35,1
1044,36,2
1044,37,2
1044,38,2
1044,39,2
1044,40,2
1044,41,2
1044,42,2
1044,43,2
1044,44,2
1044,45,2
1044,46,2
1044,47,2
1044,48,2
1044,49,2
1044,50,2
1044,51,2
1044,52,2
1044,53,2
1044,54,2
1044,55,2
1044,56,1
1044,57,1
1044,58,1
1044,59,1
1044,60,1
1044,61,1
1044,62,1
1044,63,1
1044,554,1
1044,555,1
1044,556,1
1044,557,1
1044,558,1
1044,559,1
1044,560,1
1044,561,1
1044,562,1
1044,563,1
1044,564,1
1044,565,1
1044,566,1
1044,567,1
1044,568,1
1044,569,1
1044,570,1
1044,571,1
1044,572,1
1044,573,1
1044,574,1
1044,575,1
1044,576,1
1044,577,1
1044,578,1
1044,579,1
1044,580,1
1044,581,1
1044,582,1
1044,583,1
1044,584,1
1044,585,1
1045,34,1
1045,35,1
1045,36,2
1045,37,2
1045,38,2
1045,39,2
1045,40,2
1045,41,2
1045,42,2
1045,43,2
1045,44,2
1045,45,2
1045,46,2
1045,47,2
1045,48,2
1045,49,2
1045,50,2
1045,51,2
1045,52,2
1045,53,2
1045,54,2
1045,55,2
1045,56,1
1045,57,1
1045,58,1
1045,59,1
1045,60,1
1045,61,1
1045,62,1
1045,63,1
1045,554,1
1045,555,1
1045,556,1
1045,557,1
1045,558,1
1045,559,1
1045,560,1
1045,561,1
1045,562,1
1045,563,1
1045,564,1
1045,565,1
1045,566,1
1045,567,1
1045,568,1
1045,569,1
1045,570,1
1045,571,1
1045,572,1
1045,573,1
1045,574,1
1045,575,1
1045,576,1
1045,577,1
1045,578,1
1045,579,1
1045,580,1
1045,581,1
1045,582,1
1045,583,1
1045,584,1
1045,585,1
1046,34,1
1046,35,1
1046,36,2
1046,37,2
1046,38,2
1046,39,2
1046,40,2
1046,41,2
1046,42,2
1046,43,2
1046,44,2
1046,45,2
1046,46,2
1046,47,2
1046,48,2
1046,49,2
1046,50,2
1046,51,2
1046,52,2
1046,53,2
1046,54,2
1046,55,2
1046,56,1
1046,57,1
1046,58,1
1046,59,1
1046,60,1
1046,61,1
1046,62,1
1046,63,1
1046,554,1
1046,555,1
1046,556,1
1046,557,1
1046,558,1
1046,559,1
1046,560,1
1046,561,1
1046,562,1
1046,563,1
1046,564,1
1046,565,1
1046,566,1
1046,567,1
1046,568,1
1046,569,1
1046,570,1
1046,571,1
1046,572,1
1046,573,1
1046,574,1
1046,575,1
1046,576,1
1046,577,1
1046,578,1
1046,579,1
1046,580,1
1046,581,1
1046,582,1
1046,583,1
1046,584,1
1046,585,1
1047,34,1
1047,35,1
1047,36,2
1047,37,2
1047,38,2
1047,39,2
1047,40,2
1047,41,2
1047,42,2
1047,43,2
1047,44,2
1047,45,2
1047,46,2
1047,47,2
1047,48,2
1047,49,2
1047,50,2
1047,51,2
1047,52,2
1047,53,2
1047,54,2
1047,55,2
1047,56,1
1047,57,1
1047,58,1
1047,59,1
1047,60,1
1047,61,1
1047,62,1
1047,63,1
1047,554,1
1047,555,1
1047,556,1
1047,557,1
1047,558,1
1047,559,1
1047,560,1
1047,561,1
1047,562,1
1047,563,1
1047,564,1
1047,565,1
1047,566,1
1047,567,1
1047,568,1
1047,569,1
1047,570,1
1047,571,1
1047,572,1
1047,573,1
1047,574,1
1047,575,1
1047,576,1
1047,577,1
1047,578,1
1047,579,1
1047,580,1
1047,581,1
1047,582,1
1047,583,1
1047,584,1
1047,585,1
1048,34,1
1048,35,1
1048,36,2
1048,37,2
1048,38,2
1048,39,2
1048,40,2
1048,41,2
1048,42,2
1048,43,2
1048,44,2
1048,45,2
1048,46,2
1048,47,2
1048,48,2
1048,49,2
1048,50,2
1048,51,2
1048,52,2
1048,53,2
1048,54,2
1048,55,2
1048,56,1
1048,57,1
1048,58,1
1048,59,1
1048,60,1
1048,61,1
1048,62,1
1048,63,1
1048,554,1
1048,555,1
1048,556,1
1048,557,1
1048,558,1
1048,559,1
1048,560,1
1048,561,1
1048,562,1
1048,563,1
1048,564,1
1048,565,1
1048,566,1
1048,567,1
1048,568,1
1048,569,1
1048,570,1
1048,571,1
1048,572,1
1048,573,1
1048,574,1
1048,575,1
1048,576,1
1048,577,1
1048,578,1
1048,579,1
1048,580,1
1048,581,1
1048,582,1
1048,583,1
1048,584,1
1048,585,1
1049,34,1
1049,35,1
1049,36,2
1049,37,2
1049,38,2
1049,39,2
1049,40,2
1049,41,2
1049,42,2
1049,43,2
1049,44,2
1049,45,2
1049,46,2
1049,47,2
1049,48,2
1049,49,2
1049,50,2
1049,51,2
1049,52,2
1049,53,2
1049,54,2
1049,55,2
1049,56,1
1049,57,1
1049,58,1
1049,59,1
1049,60,1
1049,61,1
1049,62,1
1049,63,1
1049,554,1
1049,555,1
1049,556,1
1049,557,1
1049,558,1
1049,559,1
1049,560,1
1049,561,1
1049,562,1
1049,563,1
1049,564,1
1049,565,1
1049,566,1
1049,567,1
1049,568,1
1049,569,1
1049,570,1
1049,571,1
1049,572,1
1049,573,1
1049,574,1
1049,575,1
1049,576,1
1049,577,1
1049,578,1
1049,579,1
1049,580,1
1049,581,1
1049,582,1
1049,583,1
1049,584,1
1049,585,1
1050,30,1
1050,31,1
1050,32,2
1050,33,2
1050,34,3
1050,35,3
1050,36,4
1050,37,4
1050,38,4
1050,39,4
1050,40,4
1050,41,4
1050,42,4
1050,43,4
1050,44,4
1050,45,4
1050,46,4
1050,47,4
1050,48,4
1050,49,4
1050,50,3
1050,51,3
1050,52,2
1050,53,2
1050,54,2
1050,55,2
1050,56,1
1050,57,1
1050,58,1
1050,59,1
1050,60,1
1050,61,1
1050,62,1
1050,63,1
1050,554,1
1050,555,1
1050,556,1
1050,557,1
1050,558,1
1050,559,1
1050,560,1
1050,561,1
1050,562,1
1050,563,1
1050,564,1
1050,565,1
1050,566,1
1050,567,1
1050,568,1
1050,569,1
1050,570,1
1050,571,1
1050,572,1
1050,573,1
1050,574,1
1050,575,1
1050,576,1
1050,577,1
1050,578,1
1050,579,1
1050,580,1
1050,581,1
1050,582,1
1050,583,1
1050,584,1
1050,585,1
1051,30,1
1051,31,1
1051,32,2
1051,33,2
1051,34,3
1051,35,3
1051,36,4
1051,37,4
1051,38,4
1051,39,4
1051,40,4
1051,41,4
1051,42,4
1051,43,4
1051,44,4
1051,45,4
1051,46,4
1051,47,4
1051,48,4
1051,49,4
1051,50,3
1051,51,3
1051,52,2
1051,53,2
1051,54,2
1051,55,2
1051,56,1
1051,57,1
1051,58,1
1051,59,1
1051,60,1
1051,61,1
1051,62,1
1051,63,1
1052,30,1
1052,31,1
1052,32,2
1052,33,2
1052,34,3
1052,35,3
1052,36,4
1052,37,4
1052,38,4
1052,39,4
1052,40,4
1052,41,4
1052,42,4
1052,43,4
1052,44,4
1052,45,4
1052,46,4
1052,47,4
1052,48,4
1052,49,4
1052,50,3
1052,51,3
1052,52,2
1052,53,2
1052,54,2
1052,55,2
1052,56,1
1052,57,1
1052,58,1
1052,59,1
1052,60,1
1052,61,1
1052,62,1
1052,63,1
1053,30,1
1053,31,1
1053,32,2
1053,33,2
1053,34,3
1053,35,3
1053,36,4
1053,37,4
1053,38,4
1053,39,4
1053,40,4
1053,41,4
1053,42,4
1053,43,4
1053,44,4
1053,45,4
1053,46,4
1053,47,4
1053,48,4
1053,49,4
1053,50,3
1053,51,3
1053,52,2
1053,53,2
1053,54,2
1053,55,2
1053,56,1
1053,57,1
1053,58,1
1053,59,1
1053,60,1
1053,61,1
1053,62,1
1053,63,1
1054,30,1
1054,31,1
1054,32,2
1054,33,2
1054,34,3
1054,35,3
1054,36,4
1054,37,4
1054,38,4
1054,39,4
1054,40,4
1054,41,4
1054,42,4
1054,43,4
1054,44,4
1054,45,4
1054,46,4
1054,47,4
1054,48,4
1054,49,4
1054,50,3
1054,51,3
1054,52,2
1054,53,2
1054,54,2
1054,55,2
1054,56,1
1054,57,1
1054,58,1
1054,59,1
1054,60,1
1054,61,1
1054,62,1
1054,63,1
1055,30,1
1055,31,1
1055,32,2
1055,33,2
1055,34,3
1055,35,3
1055,36,4
1055,37,4
1055,38,4
1055,39,4
1055,40,4
1055,41,4
1055,42,4
1055,43,4
1055,44,4
1055,45,4
1055,46,4
1055,47,4
1055,48,4
1055,49,4
1055,50,3
1055,51,3
1055,52,2
1055,53,2
1055,54,2
1055,55,2
1055,56,1
1055,57,1
1055,58,1
1055,59,1
1055,60,1
1055,61,1
1055,62,1
1055,63,1
1056,30,1
1056,31,1
1056,32,2
1056,33,2
1056,34,3
1056,35,3
1056,36,4
1056,37,4
1056,38,4
1056,39,4
1056,40,4
1056,41,4
1056,42,4
1056,43,4
1056,44,4
1056,45,4
1056,46,4
1056,47,4
1056,48,4
1056,49,4
1056,50,3
1056,51,3
1056,52,2
1056,53,2
1056,54,2
1056,55,2
1056,56,1
1056,57,1
1056,58,1
1056,59,1
1056,60,1
1056,61,1
1056,62,1
1056,63,1
1057,30,1
1057,31,1
1057,32,2
1057,33,2
1057,34,3
1057,35,3
1057,36,4
1057,37,4
1057,38,4
1057,39,4
1057,40,4
1057,41,4
1057,42,4
1057,43,4
1057,44,4
1057,45,4
1057,46,4
1057,47,4
1057,48,4
1057,49,4
1057,50,3
1057,51,3
1057,52,2
1057,53,2
1057,54,2
1057,55,2
1057,56,1
1057,57,1
1057,58,1
1057,59,1
1057,60,1
1057,61,1
1057,62,1
1057,63,1
1058,30,1
1058,31,1
1058,32,2
1058,33,2
1058,34,3
1058,35,3
1058,36,4
1058,37,4
1058,38,4
1058,39,4
1058,40,4
1058,41,4
1058,42,4
1058,43,4
1058,44,4
1058,45,4
1058,46,4
1058,47,4
1058,48,4
1058,49,4
1058,50,3
1058,51,3
1058,52,2
1058,53,2
1058,54,2
1058,55,2
1058,56,1
1058,57,1
1058,58,1
1058,59,1
1058,60,1
1058,61,1
1058,62,1
1058,63,1
1058,524,1
1058,525,1
1058,526,1
1058,527,1
1058,528,1
1058,529,1
1058,530,1
1058,531,1
1058,532,1
1058,533,1
1059,30,1
1059,31,1
1059,32,2
1059,33,2
1059,34,3
1059,35,3
1059,36,4
1059,37,4
1059,38,4
1059,39,4
1059,40,4
1059,41,4
1059,42,4
1059,43,4
1059,44,4
1059,45,4
1059,46,4
1059,47,4
1059,48,4
1059,49,4
1059,50,3
1059,51,3
1059,52,2
1059,53,2
1059,54,2
1059,55,2
1059,56,1
1059,57,1
1059,58,1
1059,59,1
1059,60,1
1059,61,1
1059,62,1
1059,63,1
1059,524,1
1059,525,1
1059,526,1
1059,527,1
1059,528,1
1059,529,1
1059,530,1
1059,531,1
1059,532,1
1059,533,1
1060,30,1
1060,31,1
1060,32,2
1060,33,2
1060,34,3
1060,35,3
1060,36,4
1060,37,4
1060,38,4
1060,39,4
1060,40,4
1060,41,4
1060,42,4
1060,43,4
1060,44,4
1060,45,4
1060,46,4
1060,47,4
1060,48,4
1060,49,4
1060,50,3
1060,51,3
1060,52,2
1060,53,2
1060,54,2
1060,55,2
1060,56,1
1060,57,1
1060,58,1
1060,59,1
1060,60,1
1060,61,1
1060,62,1
1060,63,1
1060,524,1
1060,525,1
1060,526,1
1060,527,1
1060,528,1
1060,529,1
1060,530,1
1060,531,1
1060,532,1
1060,533,1
1061,30,1
1061,31,1
1061,32,2
1061,33,2
1061,34,3
1061,35,3
1061,36,4
1061,37,4
1061,38,4
1061,39,4
1061,40,4
1061,41,4
1061,42,4
1061,43,4
1061,44,4
1061,45,4
1061,46,4
1061,47,4
1061,48,4
1061,49,4
1061,50,3
1061,51,3
1061,52,2
1061,53,2
1061,54,2
1061,55,2
1061,56,1
1061,57,1
1061,58,1
1061,59,1
1061,60,1
1061,61,1
1061,62,1
1061,63,1
1061,524,1
1061,525,1
1061,526,1
1061,527,1
1061,528,1
1061,529,1
1061,530,1
1061,531,1
1061,532,1
1061,533,1
1062,30,1
1062,31,1
1062,32,2
1062,33,2
1062,34,3
1062,35,3
1062,36,4
1062,37,4
1062,38,4
1062,39,4
1062,40,4
1062,41,4
1062,42,4
1062,43,4
1062,44,4
1062,45,4
1062,46,4
1062,47,4
1062,48,4
1062,49,4
1062,50,3
1062,51,3
1062,52,2
1062,53,2
1062,54,2
1062,55,2
1062,56,1
1062,57,1
1062,58,1
1062,59,1
1062,60,1
1062,61,1
1062,62,1
1062,63,1
1062,524,1
1062,525,1
1062,526,1
1062,527,1
1062,528,1
1062,529,1
1062,530,1
1062,531,1
1062,532,1
1062,533,1
1063,30,1
1063,31,1
1063,32,2
1063,33,2
1063,34,3
1063,35,3
1063,36,4
1063,37,4
1063,38,4
1063,39,4
1063,40,4
1063,41,4
1063,42,4
1063,43,4
1063,44,4
1063,45,4
1063,46,4
1063,47,4
1063,48,4
1063,49,4
1063,50,3
1063,51,3
1063,52,2
1063,53,2
1063,54,2
1063,55,2
1063,56,1
1063,57,1
1063,58,1
1063,59,1
1063,60,1
1063,61,1
1063,62,1
1063,63,1
1063,524,1
1063,525,1
1063,526,1
1063,527,1
1063,528,1
1063,529,1
1063,530,1
1063,531,1
1063,532,1
1063,533,1
1064,30,1
1064,31,1
1064,32,2
1064,33,2
1064,34,3
1064,35,3
1064,36,4
1064,37,4
1064,38,4
1064,39,4
1064,40,4
1064,41,4
1064,42,4
1064,43,4
1064,44,4
1064,45,4
1064,46,4
1064,47,4
1064,48,4
1064,49,4
1064,50,3
1064,51,3
1064,52,2
1064,53,2
1064,54,2
1064,55,2
1064,56,1
1064,57,1
1064,58,1
1064,59,1
1064,60,1
1064,61,1
1064,62,1
1064,63,1
1064,524,1
1064,525,1
1064,526,1
1064,527,1
1064,528,1
1064,529,1
1064,530,1
1064,531,1
1064,532,1
1064,533,1
1065,30,1
1065,31,1
1065,32,2
1065,33,2
1065,34,3
1065,35,3
1065,36,4
1065,37,4
1065,38,4
1065,39,4
1065,40,4
1065,41,4
1065,42,4
1065,43,4
1065,44,4
1065,45,4
1065,46,4
1065,47,4
1065,48,4
1065,49,4
1065,50,3
1065,51,3
1065,52,2
1065,53,2
1065,54,2
1065,55,2
1065,56,1
1065,57,1
1065,58,1
1065,59,1
1065,60,1
1065,61,1
1065,62,1
1065,63,1
1065,524,1
1065,525,1
1065,526,1
1065,527,1
1065,528,1
1065,529,1
1065,530,1
1065,531,1
1065,532,1
1065,533,1
1066,30,1
1066,31,1
1066,32,2
1066,33,2
1066,34,3
1066,35,3
1066,36,4
1066,37,4
1066,38,4
1066,39,4
1066,40,4
1066,41,4
1066,42,4
1066,43,4
1066,44,4
1066,45,4
1066,46,4
1066,47,4
1066,48,4
1066,49,4
1066,50,3
1066,51,3
1066,52,2
1066,53,2
1066,54,2
1066,55,2
1066,56,1
1066,57,1
1066,58,1
1066,59,1
1066,60,1
1066,61,1
1066,62,1
1066,63,1
1066,524,1
1066,525,1
1066,526,1
1066,527,1
1066,528,1
1066,529,1
1066,530,1
1066,531,1
1066,532,1
1066,533,1
1067,30,1
1067,31,1
1067,32,2
1067,33,2
1067,34,3
1067,35,3
1067,36,4
1067,37,4
1067,38,4
1067,39,4
1067,40,4
1067,41,4
1067,42,4
1067,43,4
1067,44,4
1067,45,4
1067,46,4
1067,47,4
1067,48,4
1067,49,4
1067,50,3
1067,51,3
1067,52,2
1067,53,2
1067,54,2
1067,55,2
1067,56,1
1067,57,1
1067,58,1
1067,59,1
1067,60,1
1067,61,1
1067,62,1
1067,63,1
1067,524,1
1067,525,1
1067,526,1
1067,527,1
1067,528,1
1067,529,1
1067,530,1
1067,531,1
1067,532,1
1067,533,1
1068,30,1
1068,31,1
1068,32,2
1068,33,2
1068,34,3
1068,35,3
1068,36,4
1068,37,4
1068,38,4
1068,39,4
1068,40,4
1068,41,4
1068,42,4
1068,43,4
1068,44,4
1068,45,4
1068,46,4
1068,47,4
1068,48,4
1068,49,4
1068,50,3
1068,51,3
1068,52,2
1068,53,2
1068,54,2
1068,55,2
1068,56,1
1068,57,1
1068,58,1
1068,59,1
1068,60,1
1068,61,1
1068,62,1
1068,63,1
1068,554,1
1068,555,1
1068,556,1
1068,557,1
1068,558,1
1068,559,1
1068,560,1
1068,561,1
1068,562,1
1068,563,1
1069,30,1
1069,31,1
1069,32,2
1069,33,2
1069,34,3
1069,35,3
1069,36,4
1069,37,4
1069,38,4
1069,39,4
1069,40,4
1069,41,4
1069,42,4
1069,43,4
1069,44,4
1069,45,4
1069,46,4
1069,47,4
1069,48,4
1069,49,4
1069,50,3
1069,51,3
1069,52,2
1069,53,2
1069,54,2
1069,55,2
1069,56,1
1069,57,1
1069,58,1
1069,59,1
1069,60,1
1069,61,1
1069,62,1
1069,63,1
1069,554,1
1069,555,1
1069,556,1
1069,557,1
1069,558,1
1069,559,1
1069,560,1
1069,561,1
1069,562,1
1069,563,1
1070,32,1
1070,33,1
1070,34,1
1070,35,1
1070,36,1
1070,37,1
1070,38,1
1070,39,1
1070,40,1
1070,41,1
1070,42,1
1070,43,1
1070,44,1
1070,45,1
1070,46,1
1070,47,1
1070,48,1
1070,49,1
1070,50,1
1070,51,1
1070,554,1
1070,555,1
1070,556,1
1070,557,1
1070,558,1
1070,559,1
1070,560,1
1070,561,1
1070,562,1
1070,563,1
1071,32,1
1071,33,1
1071,34,1
1071,35,1
1071,36,1
1071,37,1
1071,38,1
1071,39,1
1071,40,1
1071,41,1
1071,42,1
1071,43,1
1071,44,1
1071,45,1
1071,46,1
1071,47,1
1071,48,1
1071,49,1
1071,50,1
1071,51,1
1071,554,1
1071,555,1
1071,556,1
1071,557,1
1071,558,1
1071,559,1
1071,560,1
1071,561,1
1071,562,1
1071,563,1
1072,32,1
1072,33,1
1072,34,1
1072,35,1
1072,36,1
1072,37,1
1072,38,1
1072,39,1
1072,40,1
1072,41,1
1072,42,1
1072,43,1
1072,44,1
1072,45,1
1072,46,1
1072,47,1
1072,48,1
1072,49,1
1072,50,1
1072,51,1
1072,554,1
1072,555,1
1072,556,1
1072,557,1
1072,558,1
1072,559,1
1072,560,1
1072,561,1
1072,562,1
1072,563,1
1073,32,1
1073,33,1
1073,34,1
1073,35,1
1073,36,1
1073,37,1
1073,38,1
1073,39,1
1073,40,1
1073,41,1
1073,42,1
1073,43,1
1073,44,1
1073,45,1
1073,46,1
1073,47,1
1073,48,1
1073,49,1
1073,50,1
1073,51,1
1073,554,1
1073,555,1
1073,556,1
1073,557,1
1073,558,1
1073,559,1
1073,560,1
1073,561,1
1073,562,1
1073,563,1
1074,32,1
1074,33,1
1074,34,1
1074,35,1
1074,36,1
1074,37,1
1074,38,1
1074,39,1
1074,40,1
1074,41,1
1074,42,1
1074,43,1
1074,44,1
1074,45,1
1074,46,1
1074,47,1
1074,48,1
1074,49,1
1074,50,1
1074,51,1
1074,554,1
1074,555,1
1074,556,1
1074,557,1
1074,558,1
1074,559,1
1074,560,1
1074,561,1
1074,562,1
1074,563,1
1075,32,1
1075,33,1
1075,34,1
1075,35,1
1075,36,1
1075,37,1
1075,38,1
1075,39,1
1075,40,1
1075,41,1
1075,42,1
1075,43,1
1075,44,1
1075,45,1
1075,46,1
1075,47,1
1075,48,1
1075,49,1
1075,50,1
1075,51,1
1075,554,1
1075,555,1
1075,556,1
1075,557,1
1075,558,1
1075,559,1
1075,560,1
1075,561,1
1075,562,1
1075,563,1
1076,32,1
1076,33,1
1076,34,1
1076,35,1
1076,36,1
1076,37,1
1076,38,1
1076,39,1
1076,40,1
1076,41,1
1076,42,1
1076,43,1
1076,44,1
1076,45,1
1076,46,1
1076,47,1
1076,48,1
1076,49,1
1076,50,1
1076,51,1
1076,554,1
1076,555,1
1076,556,1
1076,557,1
1076,558,1
1076,559,1
1076,560,1
1076,561,1
1076,562,1
1076,563,1
1077,32,1
1077,33,1
1077,34,1
1077,35,1
1077,36,1
1077,37,1
1077,38,1
1077,39,1
1077,40,1
1077,41,1
1077,42,1
1077,43,1
1077,44,1
1077,45,1
1077,46,1
1077,47,1
1077,48,1
1077,49,1
1077,50,1
1077,51,1
1077,554,1
1077,555,1
1077,556,1
1077,557,1
1077,558,1
1077,559,1
1077,560,1
1077,561,1
1077,562,1
1077,563,1
1078,32,1
1078,33,1
1078,34,1
1078,35,1
1078,36,1
1078,37,1
1078,38,1
1078,39,1
1078,40,1
1078,41,1
1078,42,1
1078,43,1
1078,44,1
1078,45,1
1078,46,1
1078,47,1
1078,48,1
1078,49,1
1078,50,1
1078,51,1
1078,554,1
1078,555,1
1078,556,1
1078,557,1
1078,558,1
1078,559,1
1078,560,1
1078,561,1
1078,562,1
1078,563,1
1079,32,1
1079,33,1
1079,34,1
1079,35,1
1079,36,1
1079,37,1
1079,38,1
1079,39,1
1079,40,1
1079,41,1
1079,42,1
1079,43,1
1079,44,1
1079,45,1
1079,46,1
1079,47,1
1079,48,1
1079,49,1
1079,50,1
1079,51,1
1079,554,1
1079,555,1
1079,556,1
1079,557,1
1079,558,1
1079,559,1
1079,560,1
1079,561,1
1079,562,1
1079,563,1
1080,554,1
1080,555,1
1080,556,1
1080,557,1
1080,558,1
1080,559,1
1080,560,1
1080,561,1
1080,562,1
1080,563,1
1081,554,1
1081,555,1
1081,556,1
1081,557,1
1081,558,1
1081,559,1
1081,560,1
1081,561,1
1081,562,1
1081,563,1
1082,554,1
1082,555,1
1082,556,1
1082,557,1
1082,558,1
1082,559,1
1082,560,1
1082,561,1
1082,562,1
1082,563,1
1083,554,1
1083,555,1
1083,556,1
1083,557,1
1083,558,1
1083,559,1
1083,560,1
1083,561,1
1083,562,1
1083,563,1
1084,554,1
1084,555,1
1084,556,1
1084,557,1
1084,558,1
1084,559,1
1084,560,1
1084,561,1
1084,562,1
1084,563,1
1085,554,1
1085,555,1
1085,556,1
1085,557,1
1085,558,1
1085,559,1
1085,560,1
1085,561,1
1085,562,1
1085,563,1
1086,554,1
1086,555,1
1086,556,1
1086,557,1
1086,558,1
1086,559,1
1086,560,1
1086,561,1
1086,562,1
1086,563,1
1087,554,1
1087,555,1
1087,556,1
1087,557,1
1087,558,1
1087,559,1
1087,560,1
1087,561,1
1087,562,1
1087,563,1

